0.01 20.01 1.01
498.01 20.01 1.01
21.01 0.01 1.01
21.01 475.01 1.01
0.01 40.01 1.01
498.01 40.01 1.01
42.01 0.01 1.01
42.01 475.01 1.01
0.01 60.01 1.01
498.01 60.01 1.01
63.01 0.01 1.01
63.01 475.01 1.01
0.01 80.01 1.01
498.01 80.01 1.01
84.01 0.01 1.01
84.01 475.01 1.01
0.01 100.01 1.01
498.01 100.01 1.01
105.01 0.01 1.01
105.01 475.01 1.01
0.01 120.01 1.01
498.01 120.01 1.01
126.01 0.01 1.01
126.01 475.01 1.01
0.01 140.01 1.01
498.01 140.01 1.01
147.01 0.01 1.01
147.01 475.01 1.01
0.01 160.01 1.01
498.01 160.01 1.01
168.01 0.01 1.01
168.01 475.01 1.01
0.01 180.01 1.01
498.01 180.01 1.01
189.01 0.01 1.01
189.01 475.01 1.01
0.01 200.01 1.01
498.01 200.01 1.01
210.01 0.01 1.01
210.01 475.01 1.01
0.01 220.01 1.01
498.01 220.01 1.01
231.01 0.01 1.01
231.01 475.01 1.01
0.01 240.01 1.01
498.01 240.01 1.01
252.01 0.01 1.01
252.01 475.01 1.01
0.01 260.01 1.01
498.01 260.01 1.01
273.01 0.01 1.01
273.01 475.01 1.01
0.01 280.01 1.01
498.01 280.01 1.01
294.01 0.01 1.01
294.01 475.01 1.01
0.01 300.01 1.01
498.01 300.01 1.01
315.01 0.01 1.01
315.01 475.01 1.01
0.01 320.01 1.01
498.01 320.01 1.01
336.01 0.01 1.01
336.01 475.01 1.01
0.01 340.01 1.01
498.01 340.01 1.01
357.01 0.01 1.01
357.01 475.01 1.01
0.01 360.01 1.01
498.01 360.01 1.01
378.01 0.01 1.01
378.01 475.01 1.01
0.01 380.01 1.01
498.01 380.01 1.01
399.01 0.01 1.01
399.01 475.01 1.01
0.01 400.01 1.01
498.01 400.01 1.01
420.01 0.01 1.01
420.01 475.01 1.01
0.01 420.01 1.01
498.01 420.01 1.01
441.01 0.01 1.01
441.01 475.01 1.01
0.01 440.01 1.01
498.01 440.01 1.01
462.01 0.01 1.01
462.01 475.01 1.01
0.01 460.01 1.01
498.01 460.01 1.01
483.01 0.01 1.01
483.01 475.01 1.01
54 106 16.2338
65.6935 235.665 166.158
80.1724 326.264 668.451
61.5217 356.224 51.2479
71.574 164.689 266.744
75.7942 381.459 375.924
76.0829 98.2878 261.014
77.6405 289.895 48.7014
79.5724 189.697 46.1549
74.1818 437.818 3.50141
88.9718 254.158 113
95.6637 129.998 141.011
87.2 148.5 3.1831
90.4615 285.897 12.4141
97.5579 77.1405 77.031
92.8361 113.213 19.4169
106.023 176.007 315.127
94.5 275.5 25.4648
92.5 47 2.54648
95.88 151.68 15.9155
103.347 202.702 71.6197
105.274 235.322 119.685
104.17 440.075 63.662
111.456 297.565 241.279
103.874 92.8851 27.693
108.742 347.154 70.3465
109.312 363.753 29.6028
109.13 425.15 31.831
113.566 68.8981 84.3521
111 388 6.68451
130.534 398.921 412.848
115.118 273.588 5.41127
123.209 97.5886 50.293
120.975 118.675 12.7324
126.413 355.78 69.3916
132.82 128.839 114.91
141.137 279.106 479.693
127.435 182.152 29.2845
130.254 57.7143 40.107
135.353 322.658 86.5803
141.561 98.2212 102.177
137.248 218.211 34.6958
142.524 144.914 33.4225
139.738 199.952 13.369
150.492 47.6099 134.645
151.288 76.1725 162.338
151.666 179.724 120.003
156.668 352.758 190.668
149 115.789 6.04789
159.389 379.245 155.654
160.009 129.896 110.454
158.464 109.602 52.8394
156.756 161.965 27.3747
157.5 97.5556 5.72958
156 197 2.86479
168.076 407.332 158.2
164 300.96 15.9155
167.519 271.333 34.3775
169.474 313.026 24.8282
169.2 53.5 12.7324
169.393 212.714 8.91268
183.02 341.929 125.096
177.765 78.3109 37.8789
187.118 100.211 194.806
178 363.855 17.507
178.683 156.61 13.0507
184.769 316.62 107.27
197.532 395.868 427.809
187.861 429.404 107.907
184.389 149.722 5.72958
189.105 291.474 18.1437
191.05 182.1 6.3662
192 71 6.68451
199.36 359.735 104.406
202.44 321.495 28.9662
221.866 236.368 427.49
216.425 291.94 337.09
205.636 264.455 3.50141
215.118 80.3059 54.1127
217.022 38.3884 71.3014
216.59 102.322 76.0761
230.665 127.973 71.3014
235.621 270.147 71.3014
238.771 386.959 125.096
237.236 111.612 56.6592
235.351 255.595 11.7775
245.777 194.238 178.254
236.023 343.186 13.6873
245.809 421.138 48.3831
246.85 137.77 31.831
249.982 63.3028 34.6958
260.429 120.201 209.13
256.097 78.1762 72.2564
252.885 216.821 24.8282
255.104 150.104 21.3268
256.734 376.927 39.4704
262.813 403.045 169.977
259.572 354.963 59.5239
263.994 426.978 99.9493
277.892 62.4081 351.732
272.719 143.115 138.146
270.422 336.465 73.2113
271.302 198.182 82.1239
281.296 241.298 250.828
274.17 263.274 82.4423
278.813 378.754 185.256
289.371 353.09 250.192
280.164 97.2869 38.8338
281.312 110.904 49.9747
298.81 413.02 614.02
286.616 188.712 46.4732
287.465 309.086 59.5239
287.212 124.616 46.4732
283.65 205.6 6.3662
296.225 277.702 209.13
302.497 151.011 308.761
289.16 171.36 7.95775
302.697 214.833 257.513
301.935 326.253 191.304
301.653 85.5719 106.315
307.963 116.761 225.363
302.886 176.956 36.2873
306.27 375.082 89.4451
319.157 251.48 396.932
312.59 299.574 118.093
323.785 351.377 301.121
312.717 196.457 14.6423
314.043 281.66 14.9606
325.744 174.516 199.262
326.549 134.51 114.273
322.303 320.587 49.338
323.718 52.2148 47.4282
324.25 284.417 34.3775
323.935 96.7419 19.7352
325.444 377.704 17.1887
327.487 152.15 25.4648
327.597 441.972 22.9183
327.317 111.878 13.0507
328.71 415.486 34.0592
333.533 303.73 87.2169
337.82 327.055 115.228
333.514 200.943 22.2817
338.923 221.678 103.769
334.569 400.664 36.9239
339.833 283.986 70.6648
343.272 121.333 98.3578
350.395 153.729 307.806
342.776 432.081 70.9831
341.611 375.372 35.969
343.093 191.307 47.7465
337.4 413.8 1.59155
352.064 264.913 153.107
351.626 239.668 115.865
347.095 302.619 13.369
352.696 208.758 72.2564
349.22 178.732 13.0507
350.118 24.5882 5.41127
354.544 345.971 21.6451
353.244 409 13.0507
351.7 415.3 3.1831
362.169 394.434 128.279
359.993 192.538 88.1718
359.727 371.892 56.0225
362.876 175.893 38.5155
362.577 420.459 35.3324
360.576 129.242 10.5042
367.345 222.618 103.451
364.439 29.9825 18.1437
362.667 293.833 1.90986
365.529 246.118 5.41127
373.828 134.167 64.9352
368.971 253.657 11.1408
367.8 283.5 3.1831
374.662 117.734 44.2451
377.784 153.956 114.91
371.176 362.255 16.2338
373 205 21.9634
376.021 379.185 62.0704
374.113 175.938 30.8761
377.635 40.6984 20.0535
376.889 88.3333 2.86479
379.367 211.367 9.5493
379.412 103.118 5.41127
381.667 59.1111 2.86479
390.562 406.555 89.4451
385.143 132 6.68451
405.167 39.4282 341.228
389 57 6.68451
398.172 381.668 87.2169
415.662 68.4353 108.225
412.677 175.748 49.338
435.17 213.003 1007.13
415.912 131.206 10.8225
424.554 143.63 91.9916
420.103 161.206 21.6451
419.938 387.262 20.6901
427.076 417.279 129.87
423.825 253.637 25.4648
432.095 165.677 60.1606
438.095 35.1531 187.166
439.246 365.718 142.285
442.478 92.53 121.913
445.083 303.133 226.955
450.83 147.1 200.535
442.967 406.697 48.3831
449.934 272.764 106.634
441.5 16.5 1.27324
456.047 173.648 177.935
463.46 359.6 15.9155
464 383 1.59155
101 387 4
129 239 68
150 332 18
153 236 225
174 188 146
175 176 4
183 171 32
185 177 4
188 175 9
189 171 4
196 139 97
197 149 25
197 155 26
198 161 17
200 166 16
202 130 104
203 111 9
203 172 16
203 201 4
204 107 8
204 177 5
205 99 4
205 102 4
205 105 4
211 435 9
215 327 4
219 328 8
219 346 144
219 359 4
221 155 289
221 383 5
222 138 16
227 178 41
228 139 8
228 321 85
229 101 4
230 312 5
231 85 36
231 374 8
232 79 16
233 372 8
234 143 18
236 367 20
238 147 9
239 151 4
239 154 4
239 407 45
243 351 4
244 177 5
245 347 8
245 402 5
247 254 5
247 400 4
248 165 80
250 329 116
253 246 10
255 231 81
255 340 13
256 97 4
256 308 373
258 366 4
260 102 4
263 224 32
264 219 4
264 290 305
264 368 9
265 230 4
266 273 5
269 222 8
271 174 20
273 320 40
275 171 4
276 277 9
279 165 34
279 325 10
280 322 5
282 293 25
306 50 100
307 40 4
308 61 90
310 40 4
324 214 4
325 390 29
346 70 369
346 355 25
346 361 25
347 97 144
350 51 356
353 33 20
356 88 9
356 107 50
356 115 8
356 332 64
358 34 5
358 322 100
359 301 5
359 304 4
359 312 25
362 282 4
363 278 8
365 64 65
367 112 4
369 52 4
369 56 8
371 345 5
372 341 9
379 399 5
379 402 4
383 190 29
388 173 16
390 178 9
391 117 65
391 126 8
392 168 5
393 166 8
393 218 100
393 248 361
393 268 485
394 126 4
394 300 706
395 83 185
395 142 9
395 148 20
395 157 9
395 161 4
395 164 4
395 421 8
396 200 4
396 208 25
397 97 9
397 153 26
399 113 25
401 108 4
401 345 541
401 369 4
403 95 49
403 153 4
403 399 9
404 110 8
404 158 13
404 395 16
404 403 5
405 113 4
405 129 4
405 391 5
406 406 5
407 409 5
408 89 65
408 159 13
409 81 5
409 156 4
409 323 541
411 98 5
412 158 4
412 255 13
413 250 4
413 281 25
414 259 10
415 111 16
417 86 10
420 119 13
421 89 13
421 302 13
424 93 25
425 305 8
425 342 13
425 346 4
428 339 5
429 337 5
438 121 233
445 107 4
445 420 17
448 109 4
450 70 34
450 418 13
452 113 13
452 430 9
454 61 5
454 117 16
454 122 13
454 416 20
455 79 5
455 410 4
456 68 25
457 77 5
461 59 5
462 68 9
190 129 5
191 127 4
199 117 13
203 117 9
207 118 8
214 138 4
216 333 4
217 137 4
217 318 4
217 321 4
219 332 4
235 305 4
236 308 4
238 295 13
239 333 4
240 336 5
241 288 41
242 339 5
244 342 9
245 282 17
249 279 5
251 277 5
270 169 4
325 69 4
325 74 9
326 67 4
326 78 8
327 81 4
334 99 4
334 102 4
335 105 4
340 34 5
343 32 8
346 31 9
367 301 4
372 280 4
375 321 5
377 188 4
377 350 4
377 353 4
378 186 5
379 327 18
379 357 4
380 184 4
380 232 5
380 332 5
381 360 4
383 228 13
383 364 8
384 327 5
387 367 9
389 69 8
389 97 4
391 369 4
392 68 9
392 98 4
396 67 9
400 68 4
403 228 8
406 231 4
