0.01 26.01 1.01
498.01 26.01 1.01
27.01 0.01 1.01
27.01 475.01 1.01
0.01 52.01 1.01
498.01 52.01 1.01
54.01 0.01 1.01
54.01 475.01 1.01
0.01 78.01 1.01
498.01 78.01 1.01
81.01 0.01 1.01
81.01 475.01 1.01
0.01 104.01 1.01
498.01 104.01 1.01
108.01 0.01 1.01
108.01 475.01 1.01
0.01 130.01 1.01
498.01 130.01 1.01
135.01 0.01 1.01
135.01 475.01 1.01
0.01 156.01 1.01
498.01 156.01 1.01
162.01 0.01 1.01
162.01 475.01 1.01
0.01 182.01 1.01
498.01 182.01 1.01
189.01 0.01 1.01
189.01 475.01 1.01
0.01 208.01 1.01
498.01 208.01 1.01
216.01 0.01 1.01
216.01 475.01 1.01
0.01 234.01 1.01
498.01 234.01 1.01
243.01 0.01 1.01
243.01 475.01 1.01
0.01 260.01 1.01
498.01 260.01 1.01
270.01 0.01 1.01
270.01 475.01 1.01
0.01 286.01 1.01
498.01 286.01 1.01
297.01 0.01 1.01
297.01 475.01 1.01
0.01 312.01 1.01
498.01 312.01 1.01
324.01 0.01 1.01
324.01 475.01 1.01
0.01 338.01 1.01
498.01 338.01 1.01
351.01 0.01 1.01
351.01 475.01 1.01
0.01 364.01 1.01
498.01 364.01 1.01
378.01 0.01 1.01
378.01 475.01 1.01
0.01 390.01 1.01
498.01 390.01 1.01
405.01 0.01 1.01
405.01 475.01 1.01
0.01 416.01 1.01
498.01 416.01 1.01
432.01 0.01 1.01
432.01 475.01 1.01
0.01 442.01 1.01
498.01 442.01 1.01
459.01 0.01 1.01
459.01 475.01 1.01
0.01 468.01 1.01
498.01 468.01 1.01
486.01 0.01 1.01
486.01 475.01 1.01
54 106 16.2338
65.6935 235.665 166.158
80.1724 326.264 668.451
61.5217 356.224 51.2479
71.574 164.689 266.744
75.7942 381.459 375.924
76.0829 98.2878 261.014
77.6405 289.895 48.7014
79.5724 189.697 46.1549
74.1818 437.818 3.50141
88.9718 254.158 113
95.6637 129.998 141.011
87.2 148.5 3.1831
90.4615 285.897 12.4141
97.5579 77.1405 77.031
92.8361 113.213 19.4169
106.023 176.007 315.127
94.5 275.5 25.4648
92.5 47 2.54648
95.88 151.68 15.9155
103.347 202.702 71.6197
105.274 235.322 119.685
104.17 440.075 63.662
111.456 297.565 241.279
103.874 92.8851 27.693
108.742 347.154 70.3465
109.312 363.753 29.6028
109.13 425.15 31.831
113.566 68.8981 84.3521
111 388 6.68451
130.534 398.921 412.848
115.118 273.588 5.41127
123.209 97.5886 50.293
120.975 118.675 12.7324
126.413 355.78 69.3916
132.82 128.839 114.91
141.137 279.106 479.693
127.435 182.152 29.2845
130.254 57.7143 40.107
135.353 322.658 86.5803
141.561 98.2212 102.177
137.248 218.211 34.6958
142.524 144.914 33.4225
139.738 199.952 13.369
150.492 47.6099 134.645
151.288 76.1725 162.338
151.666 179.724 120.003
156.668 352.758 190.668
149 115.789 6.04789
159.389 379.245 155.654
160.009 129.896 110.454
158.464 109.602 52.8394
156.756 161.965 27.3747
157.5 97.5556 5.72958
156 197 2.86479
168.076 407.332 158.2
164 300.96 15.9155
167.519 271.333 34.3775
169.474 313.026 24.8282
169.2 53.5 12.7324
169.393 212.714 8.91268
168.125 288.375 2.54648
183.02 341.929 125.096
177.765 78.3109 37.8789
187.118 100.211 194.806
178 363.855 17.507
178.683 156.61 13.0507
184.769 316.62 107.27
197.532 395.868 427.809
187.861 429.404 107.907
184.389 149.722 5.72958
189.105 291.474 18.1437
191.05 182.1 6.3662
192 71 6.68451
199.36 359.735 104.406
202.44 321.495 28.9662
202.636 201.091 3.50141
221.866 236.368 427.49
216.425 291.94 337.09
205.636 264.455 3.50141
215.118 80.3059 54.1127
217.022 38.3884 71.3014
216.59 102.322 76.0761
220.889 383.278 5.72958
230.665 127.973 71.3014
231.448 83.028 45.5183
229.217 101.087 7.32113
235.621 270.147 71.3014
238.771 386.959 125.096
237.236 111.612 56.6592
235.351 255.595 11.7775
245.777 194.238 178.254
236.023 343.186 13.6873
245.809 421.138 48.3831
246.85 137.77 31.831
249.982 63.3028 34.6958
246.737 253.579 6.04789
260.429 120.201 209.13
256.097 78.1762 72.2564
252.885 216.821 24.8282
255.104 150.104 21.3268
256.734 376.927 39.4704
262.813 403.045 169.977
259.572 354.963 59.5239
256.421 97.1053 6.04789
263.994 426.978 99.9493
260.538 101.846 4.13803
277.892 62.4081 351.732
272.719 143.115 138.146
270.422 336.465 73.2113
264.407 367.741 8.59437
271.302 198.182 82.1239
281.296 241.298 250.828
274.17 263.274 82.4423
278.813 378.754 185.256
289.371 353.09 250.192
280.164 97.2869 38.8338
281.312 110.904 49.9747
298.81 413.02 614.02
286.616 188.712 46.4732
287.465 309.086 59.5239
287.212 124.616 46.4732
283.65 205.6 6.3662
296.225 277.702 209.13
302.497 151.011 308.761
289.16 171.36 7.95775
302.697 214.833 257.513
301.935 326.253 191.304
301.653 85.5719 106.315
307.963 116.761 225.363
302.886 176.956 36.2873
306.27 375.082 89.4451
319.157 251.48 396.932
312.59 299.574 118.093
323.785 351.377 301.121
312.717 196.457 14.6423
314.043 281.66 14.9606
325.744 174.516 199.262
326.549 134.51 114.273
322.303 320.587 49.338
323.718 52.2148 47.4282
324.25 284.417 34.3775
325.168 389.437 37.8789
323.935 96.7419 19.7352
325.444 377.704 17.1887
327.487 152.15 25.4648
324.2 214 3.1831
327.597 441.972 22.9183
327.317 111.878 13.0507
328.71 415.486 34.0592
333.533 303.73 87.2169
337.82 327.055 115.228
333.514 200.943 22.2817
338.923 221.678 103.769
334.569 400.664 36.9239
339.833 283.986 70.6648
343.272 121.333 98.3578
350.395 153.729 307.806
342.776 432.081 70.9831
341.611 375.372 35.969
343.093 191.307 47.7465
337.4 413.8 1.59155
352.064 264.913 153.107
351.626 239.668 115.865
347.095 302.619 13.369
352.696 208.758 72.2564
349.22 178.732 13.0507
350.118 24.5882 5.41127
354.544 345.971 21.6451
353.244 409 13.0507
351.7 415.3 3.1831
362.169 394.434 128.279
359.993 192.538 88.1718
359.727 371.892 56.0225
362.876 175.893 38.5155
362.577 420.459 35.3324
360.576 129.242 10.5042
367.345 222.618 103.451
364.439 29.9825 18.1437
362.667 293.833 1.90986
365.529 246.118 5.41127
373.828 134.167 64.9352
368.971 253.657 11.1408
367.8 283.5 3.1831
374.662 117.734 44.2451
377.784 153.956 114.91
371.176 362.255 16.2338
373 205 21.9634
376.021 379.185 62.0704
374.113 175.938 30.8761
377.635 40.6984 20.0535
376.889 88.3333 2.86479
379.367 211.367 9.5493
379.412 103.118 5.41127
381.667 59.1111 2.86479
390.562 406.555 89.4451
385.143 132 6.68451
405.167 39.4282 341.228
389 57 6.68451
398.172 381.668 87.2169
415.662 68.4353 108.225
412.677 175.748 49.338
435.17 213.003 1007.13
415.912 131.206 10.8225
424.554 143.63 91.9916
420.103 161.206 21.6451
419.938 387.262 20.6901
427.076 417.279 129.87
423.825 253.637 25.4648
432.095 165.677 60.1606
438.095 35.1531 187.166
439.246 365.718 142.285
442.478 92.53 121.913
445.083 303.133 226.955
450.83 147.1 200.535
442.967 406.697 48.3831
449.934 272.764 106.634
441.5 16.5 1.27324
456.047 173.648 177.935
461.391 58.6522 7.32113
463.46 359.6 15.9155
464 383 1.59155
129 239 74.97
153 236 248.062
174 188 160.965
183 171 35.28
196 139 106.943
197 149 27.5625
197 155 28.665
202 130 114.66
219 346 158.76
221 155 318.623
227 178 45.2025
228 321 93.7125
239 407 49.6125
248 165 88.2
250 329 127.89
255 231 89.3025
256 308 411.232
263 224 35.28
264 290 336.262
273 320 44.1
279 165 37.485
282 293 27.5625
306 50 110.25
308 61 99.225
346 70 406.823
346 355 27.5625
346 361 27.5625
347 97 158.76
350 51 392.49
356 107 55.125
356 332 70.56
358 322 110.25
359 312 27.5625
365 64 71.6625
383 190 31.9725
391 117 71.6625
393 218 110.25
393 248 398.003
393 268 534.712
394 300 778.365
395 83 203.963
396 150 27.5625
396 208 27.5625
399 113 27.5625
401 345 596.452
403 95 54.0225
408 89 71.6625
409 323 596.452
413 281 27.5625
424 93 27.5625
438 121 256.882
450 70 37.485
456 68 27.5625
202 116 27.5625
241 288 45.2025
