4.70616 17.2297  2877.2
48.2925 12.8974  20176.4
0.243243 8.08108  11.7775
0 23.625  10.1859
0.240602 40.6541  42.3352
11.5697 60.2687  8873.21
0.707483 53.9093  140.375
2.87801 51.2889  198.307
6.18815 69.495  3535.79
0.802432 68.8419  104.724
0 75.6667  11.4592
1.35691 80.9196  98.9944
7.30969 94.9358  798.64
9.89631 92.5936  1138.91
2.82771 96.9396  179.208
8.51962 95.5981  430.037
1.84138 97.9862  46.1549
7.64669 44.405  154.062
17.4457 68.6607  4567.43
18.4991 79.1137  736.569
24.931 4.75848  1125.54
15.7624 1.72735  389.93
13.3759 41.0433  801.823
11.9102 96.3279  272.792
10.1119 7.58741  91.0366
19.5043 86.0904  2013.63
14.6113 46.503  314.49
17.358 65.6117  409.028
15.761 22.1764  223.772
16.6253 28.4875  254.011
24.5276 33.8948  2411.83
17.3523 6.76678  189.713
19.8023 30.3605  82.1239
19.2264 23.1698  84.3521
27.1601 49.9239  121.276
21.5455 74.4545  266.107
28.0667 28.8702  1025.28
28.403 75.2695  741.662
25.6603 93.4683  482.558
22.2765 54.7281  69.0732
40.4442 96.022  593.33
39.2537 21.9749  9179.42
26.3967 24.052  195.761
40.737 64.4463  6366.52
43.4093 91.7683  5236.52
24.9167 54.6111  11.4592
29.0771 56.8821  218.679
35.0669 88.7162  1208.94
35.2691 94.0539  1328.31
28.5594 73.6154  45.5183
55.0875 42.7223  17874.1
32.4259 75.8919  285.524
35.5918 1.24345  84.9887
35.3716 18.4754  58.2507
44.1746 36.5597  1905.08
38.2773 72.2899  75.7578
52.1256 4.96868  1879.94
42.4729 77.5566  1985.62
41.6914 63.4477  240.324
56.7108 63.7749  10442.8
41.807 59.3333  18.1437
61.4517 92.1841  1469.32
48.45 21.35  25.4648
70.1534 11.8138  6829.97
55.0199 21.6213  95.8113
66.3702 73.583  6907.64
52.6508 98.6508  20.0535
60.3136 1.98636  70.0282
65.1828 85.3189  2768.02
81.0497 49.4509  12181.4
60.3668 79.1266  361.918
63.9592 97.5826  296.665
74.8194 22.3806  7738.11
75.913 61.7218  5037.89
64.5586 94.8193  445.634
74.9932 16.1161  1818.5
65.62 91.23  31.831
67.0932 47.9576  37.5606
87.2892 52.6751  4857.73
69.8439 97.0867  55.0676
72.0536 97.3333  53.4761
71.46 26.34  31.831
75.8126 81.6616  166.476
82.4583 90.293  2164.83
86.504 90.534  2805.9
81.7378 89.1611  333.907
85.8059 0.424342  96.7662
82.8614 42.7045  140.056
90.9817 86.0552  3531.33
90.672 1.2828  296.028
88.6933 80.1092  151.516
87.2711 34.9422  71.6197
87.6735 35.9272  170.614
89.2468 76.1105  172.842
89.7367 29.8  95.493
94.5058 67.5877  1266.24
91.4094 19.7047  47.4282
95.7311 31.6262  1125.86
93.715 48.6131  199.899
95.6389 93.8053  179.845
96.1366 17.0647  1838.88
95.2797 94.9966  281.068
95.6025 97.0635  155.335
95.9928 52.4666  399.797
95.9524 70.6087  541.763
96.4391 2.36552  138.465
95.4373 29.7119  93.9014
96.5993 85.1141  343.138
96.3922 98.9804  16.2338
97.1175 2.45482  105.679
97.3552 11.2828  140.693
97.8085 1.23404  14.9606
97.5849 14.3061  198.625
97.8261 97.5652  14.6423
98.0165 11.2355  77.031
98.0704 52.8451  45.2
98.1356 72.1737  150.242
98.4444 0.6  14.3239
99 14.4516  9.86761
