552 1100 2
115.118 273.588 5.41127
149 115.789 6.04789
157.5 97.5556 5.72958
184.389 149.722 5.72958
191.05 182.1 6.3662
220.889 383.278 5.72958
229.217 101.087 7.32113
246.737 253.579 6.04789
256.421 97.1053 6.04789
283.65 205.6 6.3662
289.16 171.36 7.95775
350.118 24.5882 5.41127
365.529 246.118 5.41127
371 414.556 5.72958
379.412 103.118 5.41127
385.143 132 6.68451
405.667 128.611 5.72958
456.897 77.4872 12.4141
461.391 58.6522 7.32113
54 106 16
65 226 10
78 323 484
65 231 65
71 239 50
74 230 8
92 342 52
98 335 41
101 322 37
61 355 36
103 330 20
101 317 13
99 314 8
69 150 10
76 381 346
72 165 193
69 155 65
82 176 9
76 90 81
77 101 185
86 88 8
78 285 8
78 289 40
80 189 36
88 246 9
88 251 58
95 124 36
94 257 34
96 251 8
97 132 98
102 123 9
91 285 9
97 75 49
93 112 10
103 81 9
106 175 272
95 273 8
96 277 10
96 150 9
102 198 10
105 235 109
104 203 61
104 439 49
110 294 160
119 304 52
123 295 8
104 90 8
109 347 58
105 94 16
110 361 8
109 424 20
111 365 13
113 62 9
113 67 58
119 73 9
111 388 9
124 420 9
131 398 260
136 380 40
123 97 40
142 385 17
136 376 8
121 119 10
126 356 61
132 128 81
129 236 36
142 130 9
142 126 8
155 237 170
153 228 58
133 243 17
153 223 9
140 257 8
143 285 305
140 269 200
140 261 40
155 272 16
127 179 9
155 268 8
130 58 37
130 183 9
135 321 64
141 94 36
145 101 32
148 94 10
137 215 9
143 143 16
139 220 13
140 199 9
150 48 121
152 75 125
151 181 97
150 332 18
159 175 13
153 171 9
157 172 8
157 342 9
161 355 100
159 376 81
157 347 58
160 125 36
165 385 32
169 380 9
169 376 8
162 133 50
158 105 9
167 126 8
159 110 49
157 159 8
168 404 98
158 163 17
174 413 20
164 300 10
174 178 16
174 184 80
180 192 41
183 186 26
186 172 25
168 269 16
183 168 9
183 182 8
169 314 17
171 310 9
170 53 9
169 213 9
182 337 36
185 345 61
189 336 10
192 340 8
177 74 8
178 78 29
187 88 8
187 100 157
187 92 40
178 364 16
178 156 8
186 316 89
197 383 81
197 401 274
207 386 50
212 393 29
214 400 17
207 381 10
188 421 9
188 426 58
192 434 20
189 291 16
196 139 97
202 129 100
202 118 41
198 157 25
197 150 25
200 164 16
202 170 13
204 175 10
192 71 9
204 107 8
203 110 8
199 357 64
203 320 16
206 364 9
223 235 377
212 280 81
216 291 200
226 303 36
221 140 36
221 148 180
228 161 73
234 154 41
235 146 29
227 175 20
225 169 20
218 335 20
230 180 13
233 141 10
218 341 97
228 320 73
222 352 58
215 80 49
228 347 9
228 343 8
211 435 9
217 33 10
217 38 61
217 99 36
220 107 13
230 123 10
231 128 58
231 83 29
235 270 61
233 78 10
233 372 8
238 378 10
236 365 8
239 384 74
236 110 36
244 393 13
247 389 8
241 116 9
236 255 8
239 407 45
247 192 121
236 342 9
245 341 10
256 308 373
264 290 305
250 329 116
273 320 40
248 162 36
282 293 25
255 340 13
279 325 10
277 277 9
282 289 8
245 347 8
246 421 45
252 169 13
255 163 8
246 135 10
249 139 13
250 61 10
261 119 169
253 65 9
256 231 81
263 224 32
256 72 9
269 222 8
256 77 52
253 217 17
252 245 8
255 148 8
254 248 8
257 151 9
256 373 9
262 395 36
257 378 26
262 403 144
272 414 9
258 350 9
264 426 82
260 355 41
275 45 9
277 59 257
273 142 113
275 50 58
287 74 32
291 70 16
271 334 36
264 368 9
271 197 65
279 233 81
284 243 160
271 258 10
273 263 61
280 268 9
281 262 8
276 367 8
278 379 157
276 371 40
291 381 8
291 377 8
270 170 8
288 342 36
279 166 26
271 174 20
278 161 9
288 350 164
298 359 50
301 352 16
281 95 16
301 348 8
281 111 45
299 401 196
301 417 397
314 400 34
318 405 20
313 395 10
287 184 9
287 310 41
287 189 40
287 124 34
289 303 10
296 276 162
305 286 9
297 264 9
301 136 8
301 148 200
299 210 137
301 140 40
315 155 29
316 147 18
315 143 8
306 221 113
311 211 40
311 206 9
317 216 8
301 314 8
302 326 169
301 85 89
301 318 40
307 104 10
308 123 100
306 49 85
307 109 65
315 114 50
319 122 9
308 60 97
303 177 32
307 368 9
318 250 277
307 373 58
312 300 104
327 266 29
327 235 25
331 262 17
332 239 9
324 231 9
334 257 8
322 334 10
323 348 202
323 339 61
333 360 34
337 355 9
313 195 9
314 280 9
326 170 106
327 129 36
332 180 32
336 176 13
337 172 8
328 137 64
322 320 37
324 51 37
324 285 26
322 386 8
324 389 25
324 96 16
325 378 13
346 31 10
346 70 369
349 45 250
347 95 125
361 57 109
355 105 61
346 36 58
327 152 25
369 66 18
357 114 13
365 44 8
328 441 16
327 112 10
329 413 16
334 300 36
338 322 53
336 308 25
339 331 64
333 200 16
339 214 9
339 219 58
346 224 13
347 221 8
335 397 8
339 282 45
335 401 36
343 120 80
344 288 10
346 283 8
350 152 244
363 162 9
361 165 9
343 426 9
353 137 8
343 431 58
342 373 16
343 190 36
349 255 8
352 267 113
349 259 40
356 256 9
345 351 9
360 259 8
352 237 74
347 356 25
356 246 13
347 302 10
352 206 36
357 212 13
349 178 10
359 208 8
356 332 64
357 319 89
364 327 13
359 307 8
353 344 8
353 409 13
356 345 9
362 392 81
370 399 9
359 185 9
359 190 58
360 371 49
363 198 25
363 175 29
363 417 8
363 421 26
361 129 8
367 218 45
369 226 53
363 278 8
364 29 13
374 132 36
369 253 8
392 220 104
401 317 801
394 292 578
393 267 488
402 347 445
393 247 353
393 232 180
422 338 65
427 331 26
375 116 26
429 326 25
396 207 20
412 254 10
399 212 10
430 319 8
412 250 8
396 203 8
378 152 82
371 361 10
373 204 16
372 341 9
375 373 8
375 377 40
379 384 10
374 173 10
378 39 10
377 177 9
380 185 8
382 188 20
380 211 9
394 72 64
395 82 170
405 93 81
391 404 53
412 86 29
423 91 17
409 82 10
426 96 9
421 88 8
418 87 8
389 114 36
392 122 34
401 112 29
388 173 16
396 117 10
401 35 196
396 150 25
401 154 16
395 145 13
405 158 10
410 157 9
395 157 9
395 141 8
393 166 8
412 46 85
416 36 49
416 30 18
389 57 9
414 27 8
399 378 36
404 384 9
395 421 8
403 399 9
404 394 13
415 61 9
415 66 58
413 174 32
421 72 25
423 66 8
431 190 196
433 206 625
448 228 162
459 206 32
457 217 29
415 111 16
459 201 9
461 213 8
458 197 8
456 194 8
438 121 233
454 121 16
454 116 13
451 112 10
416 131 10
420 118 8
424 137 16
424 143 73
419 159 9
420 387 16
427 411 36
429 419 72
424 251 9
432 160 9
438 34 145
432 166 52
440 358 34
440 365 113
443 89 64
444 300 137
447 98 18
451 147 146
448 313 58
452 290 10
454 308 9
448 288 9
463 141 9
457 136 9
461 138 8
443 402 8
450 273 98
443 406 40
445 420 17
456 174 157
454 416 20
450 70 34
457 66 10
462 68 9
452 430 9
453 65 8
464 358 8

61 59 55 
125 127 103 
57 1 63 
181 135 5 
63 64 31 
149 110 143 
207 186 185 
90 92 95 
238 189 194 
25 23 21 
126 152 168 
64 93 101 
137 139 170 
329 344 302 
110 102 74 
228 187 188 
270 244 246 
382 353 332 
247 245 262 
318 320 289 
68 79 82 
234 223 230 
463 464 15 
197 211 180 
321 306 308 
34 29 26 
300 263 241 
422 456 458 
472 473 441 
435 437 444 
359 360 362 
417 14 423 
464 466 471 
454 420 453 
529 499 546 
530 433 434 
39 33 20 
79 68 66 
20 21 23 
84 58 49 
42 22 29 
36 21 20 
42 23 41 
29 20 23 
45 24 44 
41 23 24 
25 60 44 
24 23 25 
131 163 164 
29 22 26 
67 27 30 
26 22 27 
64 101 28 
30 22 28 
27 67 26 
0 20 29 
101 30 28 
27 22 30 
63 31 32 
28 22 31 
63 32 22 
31 22 32 
20 33 36 
20 38 39 
67 69 26 
62 29 34 
43 35 37 
58 33 49 
46 49 33 
35 21 36 
43 37 55 
58 36 33 
0 72 20 
74 73 99 
40 39 38 
46 33 39 
39 40 68 
38 52 40 
51 42 41 
42 29 23 
45 56 41 
51 22 42 
21 43 25 
21 35 43 
25 44 24 
59 43 55 
24 45 41 
45 48 47 
53 50 46 
58 55 35 
45 47 56 
45 44 48 
47 48 1 
59 61 43 
50 49 46 
84 86 106 
39 53 46 
82 49 50 
63 51 57 
63 22 51 
20 72 38 
110 104 102 
40 66 68 
40 52 54 
40 54 66 
52 72 73 
35 55 37 
111 113 134 
41 56 51 
47 1 56 
56 57 51 
56 1 57 
36 58 35 
49 82 84 
25 43 61 
89 91 144 
48 60 1 
48 44 60 
97 100 55 
60 25 61 
165 62 76 
0 29 62 
65 64 63 
64 28 31 
1 93 63 
81 78 71 
138 98 88 
121 122 158 
53 39 68 
54 52 73 
101 67 30 
69 34 26 
53 68 50 
66 54 74 
83 69 67 
71 34 69 
77 70 75 
62 34 70 
83 71 69 
75 34 71 
38 72 52 
149 150 110 
99 73 72 
74 54 73 
110 74 99 
79 66 74 
78 75 71 
70 34 75 
129 76 77 
62 70 76 
121 129 80 
76 70 77 
118 78 81 
77 75 78 
103 79 102 
82 50 68 
121 80 118 
77 78 80 
101 112 83 
119 116 145 
103 82 79 
84 55 58 
65 93 64 
81 71 83 
103 84 82 
115 114 130 
60 85 90 
60 61 105 
87 86 84 
87 120 86 
2 87 84 
2 120 87 
98 94 88 
108 61 100 
85 107 88 
91 108 144 
60 90 1 
85 88 90 
107 105 91 
144 111 134 
95 92 88 
90 88 92 
101 141 112 
65 63 93 
1 94 93 
1 90 94 
94 95 88 
94 90 95 
141 145 116 
93 94 96 
61 55 100 
55 84 106 
144 181 88 
96 94 98 
0 109 72 
261 202 12 
105 61 108 
97 106 114 
67 101 83 
93 96 138 
103 102 104 
79 74 102 
125 103 3 
2 84 103 
109 110 99 
3 103 104 
89 107 91 
85 60 105 
55 106 97 
86 120 124 
88 107 89 
85 105 107 
105 108 91 
100 111 108 
72 109 99 
210 240 242 
143 110 109 
3 104 110 
97 111 100 
113 133 134 
119 112 116 
101 93 132 
114 115 111 
181 5 174 
97 114 111 
155 124 4 
111 115 113 
128 106 124 
81 83 117 
141 101 132 
81 117 118 
116 112 141 
78 118 80 
159 6 160 
83 119 117 
83 112 119 
153 150 151 
124 106 86 
77 80 129 
118 117 123 
118 122 121 
123 154 157 
118 123 122 
117 145 146 
126 124 120 
130 113 115 
110 150 3 
127 2 103 
124 126 4 
150 152 3 
120 127 126 
120 2 127 
114 128 130 
114 106 128 
158 131 129 
131 76 129 
124 155 128 
139 137 133 
121 158 129 
131 164 76 
138 132 93 
179 183 184 
130 133 113 
140 5 136 
144 134 135 
140 137 5 
108 111 144 
136 5 135 
134 136 135 
134 133 137 
130 155 133 
185 186 168 
182 138 181 
96 98 138 
155 139 133 
155 170 139 
134 140 136 
134 137 140 
138 166 132 
145 117 119 
148 146 147 
141 132 142 
204 176 152 
109 202 143 
138 88 181 
88 89 144 
142 156 141 
146 154 117 
147 146 145 
154 123 117 
141 156 145 
162 6 159 
156 179 147 
180 6 162 
175 149 143 
125 3 152 
175 151 150 
125 152 127 
149 175 150 
152 126 127 
151 198 153 
168 167 126 
175 198 151 
152 150 153 
148 178 146 
146 178 154 
128 155 130 
4 170 155 
145 156 147 
142 132 166 
122 157 158 
122 123 157 
160 158 159 
161 201 158 
157 159 158 
157 162 159 
211 212 214 
161 158 160 
6 161 160 
6 211 214 
154 178 157 
157 180 162 
158 163 131 
164 165 76 
158 164 163 
158 201 164 
201 165 164 
201 62 165 
182 166 138 
156 142 166 
126 167 4 
309 327 306 
169 168 152 
238 207 218 
177 169 152 
169 206 168 
137 170 172 
186 167 168 
4 171 170 
4 167 171 
137 172 173 
186 171 167 
137 173 5 
172 170 186 
173 174 5 
173 172 186 
143 203 175 
198 204 152 
153 198 152 
176 205 177 
176 177 152 
176 204 205 
157 178 180 
195 179 192 
147 179 148 
156 166 183 
148 179 195 
179 184 196 
219 181 8 
144 135 181 
209 182 181 
183 166 182 
209 183 182 
179 156 183 
224 226 196 
148 195 178 
170 171 186 
206 169 205 
191 186 187 
241 239 238 
228 190 187 
191 173 186 
250 188 189 
187 186 188 
186 189 188 
218 206 215 
174 190 193 
191 187 190 
174 191 190 
174 173 191 
196 195 192 
195 197 178 
228 193 190 
181 174 193 
186 194 189 
207 168 206 
179 196 192 
197 180 178 
183 224 184 
199 213 197 
200 199 195 
259 293 369 
7 204 208 
203 143 202 
195 199 197 
260 253 213 
196 200 195 
267 224 227 
369 201 259 
369 62 201 
0 202 109 
0 12 202 
240 203 202 
198 175 203 
208 204 198 
7 205 204 
177 205 169 
168 207 185 
7 215 205 
215 9 241 
218 207 206 
194 186 207 
7 208 9 
198 203 210 
225 209 8 
224 183 209 
247 210 242 
208 198 210 
180 211 6 
199 200 222 
161 6 214 
211 197 213 
211 213 212 
200 196 222 
220 214 216 
212 213 253 
205 215 206 
7 9 215 
161 214 220 
214 212 253 
214 217 216 
234 222 223 
188 250 228 
238 194 207 
209 219 8 
209 181 219 
161 220 201 
256 217 254 
246 248 269 
181 193 221 
199 222 234 
196 184 224 
224 267 226 
222 196 226 
225 224 209 
282 267 231 
232 233 225 
257 292 293 
230 223 226 
223 222 226 
225 229 298 
317 339 290 
236 228 237 
236 193 228 
224 225 298 
272 8 251 
231 267 227 
258 260 234 
224 298 227 
331 316 301 
8 272 273 
353 331 344 
225 233 229 
312 271 270 
258 234 230 
213 199 234 
220 235 201 
256 216 217 
284 221 236 
221 193 236 
281 237 252 
239 189 238 
215 241 218 
239 250 189 
218 241 238 
250 252 228 
264 240 261 
210 203 240 
247 265 289 
252 237 228 
262 242 240 
245 247 242 
181 243 249 
181 221 248 
246 244 248 
248 221 269 
262 265 247 
247 208 210 
270 246 10 
270 271 243 
242 262 245 
9 208 247 
243 248 244 
243 181 248 
181 249 8 
243 244 270 
241 263 239 
283 11 284 
249 251 8 
249 243 251 
239 263 250 
263 285 252 
214 253 255 
254 255 277 
220 216 256 
255 253 268 
217 255 254 
217 214 255 
220 256 235 
277 255 268 
256 257 259 
256 254 277 
213 234 260 
298 231 227 
235 259 201 
235 256 259 
253 260 268 
258 267 260 
300 291 323 
240 202 261 
12 322 261 
247 289 9 
250 263 252 
318 265 266 
262 264 261 
262 240 264 
266 265 262 
291 300 241 
322 326 262 
318 326 359 
230 267 258 
230 226 267 
278 268 276 
286 267 282 
246 269 10 
284 236 281 
307 312 270 
271 251 243 
273 271 275 
270 10 307 
225 8 273 
251 271 272 
225 273 232 
272 271 273 
232 274 302 
232 273 274 
304 275 271 
274 273 275 
267 286 260 
268 260 276 
292 277 279 
292 256 277 
286 278 276 
277 268 278 
287 330 280 
277 278 286 
328 330 287 
279 277 280 
284 281 283 
236 237 281 
317 286 282 
286 276 260 
252 285 281 
285 306 283 
297 284 11 
269 221 284 
281 285 283 
263 300 306 
288 287 286 
287 277 286 
339 287 288 
280 277 287 
319 298 316 
340 317 338 
241 9 291 
291 9 289 
286 290 288 
331 301 303 
265 318 289 
310 311 350 
293 292 294 
257 256 292 
371 293 295 
259 257 293 
354 355 296 
330 279 280 
381 383 355 
293 294 295 
354 296 330 
294 292 296 
269 284 299 
299 284 297 
233 302 229 
298 317 231 
269 299 10 
327 11 306 
289 320 323 
308 306 300 
229 301 298 
229 302 301 
232 302 233 
274 275 302 
302 303 301 
302 304 329 
332 344 329 
302 275 304 
321 308 305 
306 285 263 
313 312 307 
11 283 306 
299 307 10 
327 297 11 
305 308 300 
346 350 321 
343 376 314 
327 299 297 
306 310 309 
361 370 356 
306 311 310 
323 321 300 
271 312 329 
343 299 327 
343 345 347 
315 312 313 
343 347 376 
313 307 314 
314 376 313 
336 329 312 
282 231 317 
298 301 316 
339 288 290 
290 286 317 
262 326 266 
321 311 306 
331 319 316 
317 298 319 
326 352 359 
324 325 321 
300 321 305 
363 361 15 
261 322 262 
384 361 363 
289 323 291 
320 318 356 
323 324 321 
323 320 356 
370 325 324 
346 321 325 
266 326 318 
322 12 358 
345 327 309 
343 307 299 
341 357 339 
330 292 279 
271 329 304 
376 315 313 
287 339 328 
296 292 330 
338 375 340 
317 319 331 
344 332 353 
413 399 375 
315 376 377 
335 337 329 
329 334 332 
329 333 335 
378 315 377 
337 334 329 
329 336 333 
312 315 336 
379 401 335 
334 396 382 
351 375 338 
317 331 351 
357 330 339 
330 328 339 
342 341 339 
339 317 340 
375 351 373 
355 295 294 
375 399 339 
393 381 355 
307 343 314 
387 388 389 
303 344 331 
303 302 344 
327 345 343 
365 310 350 
387 365 350 
350 311 321 
394 347 348 
406 380 405 
345 348 347 
384 346 370 
387 389 407 
348 345 349 
345 365 387 
365 309 310 
385 386 428 
338 317 351 
322 352 326 
430 441 16 
334 382 332 
372 331 353 
341 393 357 
355 294 296 
357 355 354 
355 383 295 
323 356 324 
318 359 356 
342 402 341 
354 330 357 
322 358 352 
489 457 477 
364 360 352 
364 12 360 
352 360 359 
362 457 489 
359 361 356 
359 15 361 
359 362 366 
360 12 429 
441 363 15 
367 384 363 
358 364 352 
358 12 364 
384 391 350 
345 309 365 
359 366 15 
362 368 457 
425 384 367 
350 346 384 
360 368 362 
468 499 466 
424 493 392 
0 62 369 
325 370 346 
324 356 370 
414 371 383 
369 293 371 
351 331 374 
374 331 372 
339 340 375 
374 372 404 
351 374 373 
372 382 385 
374 404 410 
399 402 342 
456 389 388 
315 378 336 
394 405 376 
378 333 336 
335 378 379 
335 333 378 
401 379 380 
378 377 405 
380 426 427 
379 378 380 
357 393 355 
383 371 295 
353 382 372 
397 337 395 
393 416 381 
414 390 371 
361 384 370 
391 425 387 
372 385 404 
428 396 400 
382 386 385 
396 334 337 
449 387 430 
349 345 387 
475 448 460 
349 407 348 
408 406 405 
394 376 347 
423 424 414 
392 371 390 
350 391 387 
430 16 449 
424 392 390 
369 371 392 
339 399 342 
416 414 383 
418 419 407 
405 377 376 
335 395 337 
396 386 382 
398 396 397 
375 409 413 
401 403 395 
396 337 397 
395 398 397 
13 431 398 
373 374 410 
402 393 341 
398 400 396 
410 411 409 
403 401 13 
395 335 401 
375 373 410 
420 393 402 
398 403 13 
398 395 403 
396 428 386 
433 436 452 
426 380 406 
380 378 405 
394 407 419 
408 426 406 
348 407 394 
349 387 407 
421 408 405 
421 451 408 
385 412 404 
434 433 412 
375 410 409 
432 438 427 
402 413 415 
431 400 398 
410 412 433 
410 404 412 
399 413 402 
409 411 452 
381 416 383 
414 424 390 
452 436 450 
413 409 415 
414 416 417 
402 415 450 
410 433 411 
450 415 452 
422 418 407 
407 389 422 
405 419 421 
405 394 419 
453 420 450 
416 393 420 
418 422 419 
380 427 401 
421 419 459 
448 443 461 
417 423 414 
14 424 423 
465 493 14 
493 369 392 
384 425 391 
472 15 464 
419 422 458 
427 13 401 
461 443 432 
502 447 438 
412 428 434 
412 385 428 
360 429 368 
12 490 429 
425 430 387 
425 367 441 
400 431 435 
427 426 461 
428 400 435 
437 13 427 
507 504 502 
455 465 417 
435 434 428 
435 444 523 
13 437 431 
437 438 447 
439 436 433 
454 491 455 
431 437 435 
438 432 445 
427 438 437 
432 443 445 
440 439 433 
492 520 495 
442 440 433 
465 14 417 
425 441 430 
367 363 441 
446 442 433 
494 493 465 
461 451 460 
518 482 479 
541 435 523 
502 501 544 
438 445 502 
443 448 502 
504 505 502 
503 502 505 
437 447 444 
498 448 475 
388 449 456 
475 485 498 
387 449 388 
480 484 518 
453 450 436 
420 402 450 
408 451 426 
459 419 458 
409 452 415 
411 433 452 
491 453 436 
454 416 420 
491 454 453 
455 416 454 
491 465 455 
417 416 455 
389 456 422 
460 448 461 
429 457 368 
429 477 457 
449 475 456 
516 515 17 
421 459 460 
458 456 475 
421 460 451 
459 458 475 
427 461 432 
426 451 461 
366 462 463 
366 362 489 
366 463 15 
509 510 544 
506 464 469 
463 462 497 
492 495 491 
493 424 14 
463 466 464 
500 497 496 
464 467 469 
489 497 462 
463 468 466 
496 489 486 
529 469 467 
467 470 529 
529 470 499 
467 464 471 
467 471 470 
499 468 497 
476 472 474 
441 15 472 
484 473 17 
16 441 473 
473 476 17 
472 464 474 
459 475 460 
483 479 481 
17 476 474 
473 472 476 
490 477 429 
486 525 500 
449 478 483 
449 16 484 
485 483 481 
478 480 479 
449 480 478 
484 17 515 
498 485 481 
518 484 515 
501 502 498 
481 479 482 
449 483 485 
478 479 483 
449 484 480 
16 473 484 
482 498 481 
475 449 485 
497 489 496 
477 487 486 
488 487 477 
488 525 487 
490 488 477 
490 525 488 
486 489 477 
462 366 489 
0 490 12 
550 19 547 
439 527 436 
436 520 491 
520 492 491 
495 465 491 
442 527 440 
522 549 493 
520 494 495 
520 521 494 
440 527 439 
494 465 495 
487 525 486 
499 471 466 
463 497 468 
547 19 548 
502 448 498 
511 506 469 
546 499 500 
470 471 499 
497 500 499 
496 486 500 
503 523 502 
502 445 443 
523 447 502 
518 519 482 
541 503 505 
534 541 508 
537 508 507 
541 505 508 
508 505 504 
446 533 442 
474 506 17 
474 464 506 
513 537 539 
509 544 507 
507 508 504 
527 528 436 
502 509 507 
544 532 537 
502 510 509 
516 17 506 
529 531 469 
519 526 498 
18 548 513 
532 524 518 
547 548 18 
512 511 513 
513 514 531 
513 511 514 
517 515 511 
518 479 480 
511 516 506 
511 515 516 
512 538 511 
518 515 517 
511 518 517 
519 498 482 
524 519 518 
524 526 519 
446 530 533 
521 493 494 
436 528 520 
522 493 521 
520 528 540 
543 549 522 
434 435 541 
444 447 523 
511 532 518 
526 501 498 
0 525 490 
0 19 525 
532 526 524 
544 501 526 
533 527 442 
520 540 521 
533 535 551 
527 551 528 
531 529 18 
531 511 469 
433 530 446 
536 534 530 
513 531 18 
514 511 531 
538 532 511 
544 526 532 
534 535 530 
530 535 533 
535 534 508 
533 551 527 
551 545 540 
540 542 521 
434 536 530 
523 503 541 
548 537 513 
0 551 537 
539 538 512 
539 532 538 
513 539 512 
537 532 539 
551 540 528 
542 522 521 
536 541 534 
536 434 541 
545 542 540 
543 522 542 
545 543 542 
549 369 493 
507 544 537 
510 502 544 
508 551 535 
549 543 545 
529 546 18 
500 525 550 
546 547 18 
546 550 547 
0 548 19 
0 537 548 
551 549 545 
0 369 549 
500 550 546 
525 19 550 
537 551 508 
0 549 551 

85 190 93 
247 202 297 
124 98 111 
267 223 359 
123 58 122 
216 294 141 
271 407 411 
180 187 181 
384 433 471 
38 82 47 
332 301 299 
221 52 162 
275 336 257 
685 603 604 
201 144 101 
373 432 370 
484 488 495 
660 702 760 
490 486 481 
596 578 643 
160 155 37 
448 464 431 
847 922 928 
418 387 421 
597 606 633 
49 131 65 
496 527 567 
915 848 908 
943 941 949 
890 865 870 
732 720 716 
843 842 877 
989 937 928 
836 904 903 
994 1088 936 
815 1068 1056 
62 63 75 
102 145 20 
9 43 41 
67 113 161 
49 79 81 
38 62 69 
45 78 79 
38 79 55 
84 91 86 
47 86 42 
117 84 119 
9 84 45 
324 259 322 
51 25 40 
57 130 54 
57 54 49 
56 123 11 
59 56 57 
64 51 50 
43 121 72 
53 52 130 
53 50 51 
61 60 4 
61 123 53 
61 99 58 
60 58 59 
71 41 36 
74 36 100 
131 54 134 
25 137 121 
106 70 83 
68 39 71 
67 75 94 
41 112 83 
106 85 66 
62 67 112 
100 55 194 
142 144 143 
63 77 76 
36 96 68 
102 128 74 
103 74 140 
42 108 81 
43 42 40 
108 86 90 
40 78 99 
114 9 83 
66 82 69 
44 47 46 
70 0 93 
80 45 44 
92 90 91 
94 96 132 
106 112 161 
109 80 87 
117 87 44 
116 109 87 
114 85 0 
68 88 97 
237 191 168 
88 75 128 
94 155 113 
110 2 99 
81 98 60 
140 63 72 
200 14 217 
37 76 104 
129 104 77 
133 102 103 
142 129 140 
70 66 89 
219 179 226 
110 78 80 
111 90 92 
98 108 111 
2 110 109 
89 69 71 
164 39 97 
93 119 82 
175 285 206 
176 92 117 
46 116 91 
190 208 218 
114 167 46 
149 323 327 
65 735 55 
4 183 162 
59 4 52 
183 2 184 
146 163 152 
172 284 273 
310 258 240 
76 132 96 
105 143 103 
50 56 198 
25 64 135 
155 88 128 
143 145 104 
64 198 138 
131 138 139 
147 153 151 
147 149 65 
135 134 163 
135 146 147 
105 77 100 
246 5 298 
105 214 73 
129 73 133 
73 204 14 
133 201 37 
139 125 153 
139 136 137 
151 238 255 
151 120 137 
238 156 258 
136 148 149 
125 230 232 
146 157 136 
201 200 160 
132 20 97 
232 240 150 
232 238 153 
235 198 182 
188 279 220 
20 154 164 
89 39 191 
11 122 183 
138 228 125 
113 160 203 
252 245 222 
177 176 207 
196 207 119 
95 170 169 
209 168 171 
168 203 171 
169 170 251 
186 126 193 
190 213 196 
210 177 211 
266 115 212 
185 116 166 
181 166 174 
212 206 211 
107 264 266 
181 186 7 
180 7 177 
231 158 229 
124 162 122 
189 124 185 
187 184 176 
180 172 187 
7 186 185 
159 231 290 
193 199 184 
118 173 0 
95 208 161 
284 285 359 
172 273 189 
214 72 400 
401 520 519 
173 212 167 
253 224 208 
158 134 130 
273 260 189 
101 205 154 
14 154 145 
205 295 1 
164 247 170 
144 214 216 
200 217 202 
178 115 210 
167 211 166 
197 118 191 
244 237 169 
206 285 174 
178 174 207 
175 178 196 
266 173 218 
204 142 194 
480 416 477 
204 283 5 
101 246 205 
213 118 224 
269 107 262 
231 159 235 
260 229 11 
226 224 165 
344 383 3 
222 218 197 
248 307 256 
245 107 222 
237 256 253 
234 230 163 
221 281 182 
239 152 228 
182 188 220 
156 157 152 
318 312 291 
279 228 235 
220 234 158 
296 300 303 
95 209 227 
150 148 157 
289 242 230 
127 156 242 
320 311 289 
311 240 239 
288 287 279 
209 250 248 
226 165 262 
249 217 141 
203 1 251 
330 225 244 
295 246 303 
299 244 251 
247 250 171 
306 165 253 
227 252 197 
255 258 322 
148 254 259 
306 227 225 
269 274 12 
254 150 127 
323 255 48 
221 199 278 
388 357 363 
219 245 270 
267 276 265 
268 359 179 
342 263 277 
179 175 213 
3 268 263 
267 264 276 
257 277 219 
274 262 306 
337 407 6 
284 360 328 
126 199 193 
257 270 275 
12 274 307 
263 268 277 
265 276 269 
309 260 328 
234 159 243 
288 354 304 
309 286 229 
350 347 351 
393 216 400 
192 272 126 
115 192 210 
290 281 329 
289 243 305 
243 308 280 
239 287 241 
308 188 286 
233 315 293 
354 308 363 
291 321 418 
5 346 298 
249 297 202 
236 298 302 
299 1 295 
296 141 294 
250 297 10 
348 236 302 
330 10 337 
300 296 403 
236 348 249 
305 280 365 
320 287 304 
270 252 256 
275 225 338 
292 288 290 
278 329 281 
314 127 311 
241 310 242 
314 233 317 
325 317 436 
312 310 315 
291 314 321 
429 319 422 
312 318 313 
317 233 420 
316 420 418 
352 241 305 
293 315 352 
48 254 324 
120 259 326 
48 322 325 
326 324 313 
323 325 327 
120 326 399 
278 272 361 
309 355 286 
339 248 301 
595 616 650 
10 334 335 
410 474 433 
332 350 406 
385 332 367 
343 340 12 
301 271 341 
366 307 339 
341 338 330 
345 342 336 
339 337 366 
344 265 340 
366 345 336 
223 342 379 
343 371 340 
403 294 393 
282 348 404 
347 303 300 
406 350 351 
334 282 349 
405 349 282 
387 321 320 
386 380 356 
356 280 292 
361 363 329 
353 365 354 
441 386 261 
494 434 435 
3 192 264 
272 435 362 
328 362 355 
361 360 415 
355 261 292 
443 441 442 
381 304 356 
341 343 338 
406 426 335 
373 377 371 
471 474 496 
377 15 382 
345 368 379 
374 473 432 
374 15 368 
372 373 384 
426 472 410 
382 383 378 
370 378 368 
377 376 379 
371 378 344 
353 386 396 
387 365 394 
376 370 453 
376 439 223 
8 374 411 
335 410 407 
380 353 357 
352 381 23 
441 261 415 
421 394 465 
394 396 419 
739 398 583 
404 412 405 
283 402 346 
389 381 390 
425 512 516 
390 380 423 
458 456 442 
514 391 399 
327 398 735 
283 194 401 
195 400 976 
393 519 477 
346 413 302 
347 417 392 
351 392 408 
367 334 349 
6 271 385 
426 405 427 
574 472 427 
385 375 333 
6 433 384 
491 427 392 
477 417 403 
434 540 444 
362 444 388 
215 481 487 
413 487 404 
319 293 23 
423 440 390 
319 428 318 
389 422 23 
425 316 421 
443 419 396 
430 504 428 
395 429 422 
375 367 408 
409 408 412 
424 436 420 
425 502 316 
467 424 507 
449 21 440 
475 15 372 
411 333 8 
358 414 435 
358 434 360 
466 313 428 
506 511 467 
485 534 484 
469 483 383 
431 465 419 
388 364 357 
531 364 397 
364 449 423 
415 414 454 
456 628 533 
462 542 600 
580 583 581 
449 531 21 
443 448 431 
598 454 462 
630 631 677 
479 559 453 
382 452 469 
450 458 444 
498 541 460 
397 513 445 
512 464 517 
513 397 454 
629 577 634 
543 540 455 
684 660 703 
592 450 446 
489 536 620 
21 530 457 
440 512 389 
514 436 508 
430 437 504 
469 535 565 
453 468 439 
479 562 559 
8 369 473 
474 375 409 
372 471 500 
369 333 472 
479 432 522 
519 524 525 
402 215 413 
578 521 486 
452 475 470 
215 525 490 
416 490 18 
499 494 493 
485 493 439 
492 438 16 
565 438 483 
478 18 526 
417 416 491 
534 539 16 
537 495 463 
18 481 480 
487 521 412 
484 495 493 
483 492 482 
498 358 482 
16 489 492 
500 369 26 
564 558 609 
455 494 499 
537 498 482 
522 473 496 
562 522 607 
505 507 429 
509 511 506 
467 508 424 
516 509 502 
503 437 507 
502 506 430 
515 466 504 
505 553 503 
583 515 581 
503 551 437 
457 395 465 
456 458 593 
398 466 515 
510 514 508 
549 505 395 
548 457 530 
642 619 527 
195 476 402 
640 195 649 
575 491 478 
501 475 500 
526 648 578 
476 640 525 
476 524 480 
486 632 523 
26 574 518 
632 640 700 
636 709 648 
517 464 531 
442 530 448 
549 552 553 
445 560 548 
594 488 438 
559 558 468 
463 539 608 
499 489 541 
546 547 543 
610 536 488 
460 542 414 
543 455 537 
545 446 540 
538 460 541 
601 600 545 
547 544 542 
538 654 605 
538 601 545 
561 517 533 
561 532 516 
557 653 551 
511 550 581 
532 561 555 
532 555 509 
585 571 556 
552 569 553 
554 656 675 
571 585 550 
566 497 535 
470 535 452 
533 628 631 
549 548 552 
566 470 501 
609 566 607 
497 611 591 
468 590 485 
563 558 562 
597 607 26 
569 576 570 
555 568 571 
568 630 656 
569 554 557 
629 634 635 
699 658 677 
575 527 409 
521 642 574 
630 568 631 
602 684 459 
19 478 523 
689 687 618 
589 587 447 
551 447 510 
587 759 739 
447 391 510 
705 588 706 
557 554 653 
707 681 824 
679 582 580 
657 711 584 
657 705 580 
591 594 565 
564 615 590 
599 462 600 
628 513 635 
610 534 590 
609 331 611 
645 642 19 
567 612 24 
629 450 599 
602 598 592 
592 446 544 
605 544 547 
577 599 685 
654 13 605 
13 664 660 
546 603 601 
612 638 24 
501 567 563 
536 625 623 
563 595 497 
539 594 651 
564 595 615 
597 638 606 
689 647 731 
626 682 624 
591 611 621 
697 331 618 
737 718 764 
579 616 633 
638 518 644 
627 654 463 
615 686 651 
692 624 686 
608 655 669 
775 614 622 
682 626 608 
655 625 614 
620 669 668 
593 560 445 
459 572 598 
576 451 570 
560 451 576 
648 526 528 
618 24 689 
572 459 659 
572 659 593 
716 529 700 
647 644 646 
606 612 619 
719 722 641 
528 524 520 
639 723 764 
518 575 596 
709 645 19 
637 619 708 
643 708 596 
637 737 736 
637 736 613 
529 523 632 
725 712 520 
331 727 686 
610 621 682 
674 676 704 
550 585 657 
603 546 620 
623 626 662 
675 556 570 
653 588 589 
742 573 672 
634 673 635 
17 461 604 
680 789 822 
785 666 655 
667 665 786 
702 604 667 
753 663 668 
662 755 749 
664 663 769 
751 665 627 
749 627 623 
799 752 754 
787 702 769 
658 699 678 
740 699 659 
675 652 711 
656 674 556 
652 782 710 
573 742 451 
744 800 672 
587 705 707 
782 742 661 
586 758 762 
614 625 651 
748 694 894 
461 577 685 
13 684 602 
622 621 650 
579 688 697 
687 778 696 
633 613 579 
692 810 775 
807 774 806 
690 622 695 
736 764 731 
833 811 683 
771 773 692 
688 771 727 
616 687 727 
804 853 768 
673 672 573 
636 528 712 
943 779 878 
17 664 671 
461 760 741 
758 652 795 
589 584 679 
584 711 758 
759 679 586 
737 644 645 
718 643 529 
795 676 747 
674 706 588 
724 700 649 
911 974 717 
716 724 715 
721 714 725 
30 636 714 
713 921 729 
617 709 719 
639 718 728 
921 728 30 
855 854 715 
639 941 879 
641 879 730 
714 712 725 
715 724 649 
778 731 846 
697 696 650 
922 719 720 
910 717 732 
723 857 846 
693 726 613 
729 30 854 
989 932 939 
845 780 927 
399 1095 121 
693 647 646 
617 646 708 
759 783 763 
582 781 391 
741 744 673 
703 743 740 
658 680 677 
766 746 741 
794 678 740 
768 766 760 
821 794 743 
710 782 822 
683 892 908 
751 669 666 
785 775 835 
668 749 753 
757 670 753 
751 752 665 
757 839 670 
785 807 666 
859 839 806 
807 754 752 
681 706 704 
582 707 738 
745 703 17 
786 792 791 
824 681 837 
777 738 825 
693 617 641 
856 778 846 
814 743 745 
796 860 804 
698 745 787 
667 791 671 
856 779 894 
696 811 695 
909 946 891 
810 695 811 
691 812 809 
624 690 750 
825 842 843 
763 780 781 
765 688 726 
953 770 701 
777 825 734 
777 845 739 
747 676 680 
738 824 828 
808 832 838 
662 750 755 
761 663 799 
768 671 804 
791 792 796 
827 661 816 
803 799 798 
761 788 769 
788 761 803 
819 802 866 
746 800 744 
704 710 801 
767 788 819 
823 816 830 
849 802 790 
670 790 786 
794 816 678 
795 897 837 
798 793 803 
790 802 792 
698 787 767 
826 901 868 
691 809 756 
755 691 757 
784 835 810 
806 774 898 
808 690 773 
694 773 771 
774 834 813 
898 812 916 
821 766 853 
820 852 35 
797 789 800 
872 918 871 
827 829 822 
796 793 858 
815 830 821 
814 820 746 
818 747 661 
901 900 797 
783 586 762 
780 763 776 
896 831 805 
900 818 789 
907 842 783 
831 897 818 
901 797 820 
900 826 829 
784 833 838 
908 832 694 
840 812 835 
808 834 750 
897 896 33 
801 903 762 
848 784 832 
849 754 756 
899 914 834 
850 909 887 
776 828 31 
776 31 927 
927 877 881 
781 734 1083 
765 726 730 
22 945 941 
27 899 838 
798 839 861 
873 918 841 
867 886 1000 
864 815 853 
698 852 814 
910 732 721 
950 721 976 
770 765 878 
879 878 730 
870 860 819 
919 918 756 
858 864 767 
849 872 866 
888 1014 1012 
877 907 906 
852 860 1042 
1043 884 29 
870 793 861 
851 890 872 
805 874 978 
906 905 904 
29 858 866 
873 886 817 
867 861 817 
999 871 850 
868 876 986 
984 926 980 
874 880 982 
31 863 844 
701 856 857 
722 857 723 
876 1056 1007 
844 987 1037 
916 909 919 
961 1027 1001 
865 1069 1042 
1049 1085 960 
999 851 871 
992 999 841 
889 862 1006 
888 1002 998 
1043 29 867 
772 893 992 
912 748 894 
958 891 967 
892 683 770 
959 1027 964 
826 902 836 
829 836 801 
919 809 813 
848 917 840 
831 827 823 
805 823 830 
896 979 904 
837 33 905 
33 902 869 
903 869 907 
863 869 981 
905 863 828 
27 833 748 
841 882 772 
729 854 911 
713 910 950 
915 892 967 
957 1017 1029 
946 916 840 
912 917 27 
882 813 914 
915 946 899 
850 817 859 
882 859 898 
925 922 975 
717 975 720 
22 728 920 
1085 1011 1016 
930 993 1009 
931 990 920 
981 980 875 
843 844 734 
32 22 932 
968 997 996 
934 924 937 
925 975 968 
733 928 990 
974 997 968 
930 935 1018 
936 934 938 
995 34 935 
32 938 930 
995 935 937 
990 996 733 
945 948 949 
847 28 722 
944 957 965 
28 965 701 
948 942 949 
1009 940 847 
772 914 917 
961 954 963 
940 1008 944 
940 944 28 
911 855 972 
1089 997 988 
963 962 956 
965 964 779 
947 958 962 
1027 963 956 
955 952 964 
913 959 942 
954 966 893 
957 1031 895 
992 1045 885 
883 966 947 
954 967 952 
947 952 955 
895 956 953 
942 953 943 
958 961 1033 
962 893 912 
933 929 931 
988 974 970 
969 972 971 
988 970 973 
970 950 973 
971 972 1046 
713 969 933 
921 931 920 
855 401 1046 
991 1091 1097 
1013 868 986 
980 902 1038 
926 979 875 
906 926 987 
986 876 1050 
1083 1039 1041 
987 875 985 
1037 984 1051 
978 874 982 
981 984 881 
951 969 971 
32 733 995 
939 932 925 
1092 1022 977 
891 960 887 
924 1055 1028 
996 1096 34 
989 936 938 
994 939 929 
951 929 933 
1000 889 1069 
873 887 886 
851 998 1043 
1033 883 1034 
889 1005 1069 
1005 1064 1078 
1012 1084 1098 
1006 1003 1002 
888 1012 1005 
1050 880 1036 
1017 948 1009 
924 1008 945 
1075 1074 1070 
1084 1014 923 
1006 862 1004 
1038 978 1053 
1011 862 1016 
1075 1084 1061 
923 1014 1085 
1008 1028 913 
1055 934 1054 
1045 1033 1035 
1070 1058 1022 
1034 1044 1048 
1020 1090 991 
1025 1074 1030 
1059 1058 1025 
1059 1024 1023 
1029 1032 1031 
955 895 883 
1017 993 1029 
913 1028 1026 
1060 1023 1072 
1026 1032 959 
1031 1026 1044 
966 1001 1019 
1001 1021 1035 
1019 1034 1048 
1063 1007 1056 
881 985 1039 
1040 979 1013 
1037 1077 983 
1076 1051 1038 
983 1081 1087 
884 1079 864 
1000 865 890 
1021 1032 1060 
960 1019 1049 
973 976 1047 
1097 1046 1092 
1035 1021 1061 
1045 1061 885 
982 1007 1065 
1067 985 1040 
1086 1065 1063 
1076 1013 1065 
1088 1058 1018 
993 1018 1059 
1036 880 35 
1062 1068 1078 
1054 1020 1024 
1055 1024 1025 
1044 1030 1073 
1048 1015 1049 
1063 1057 1064 
1052 1036 1062 
1003 1086 1062 
1053 1050 1052 
1080 1076 1094 
1077 1051 1080 
1057 35 1079 
1002 884 998 
1010 1020 1093 
1098 1093 1099 
1030 1074 1073 
1060 1072 1075 
1072 1023 1010 
1073 1010 1015 
1040 1053 1066 
1039 1067 1081 
1003 1057 1079 
1042 1078 1068 
1067 1066 1082 
1077 1082 1041 
1081 1080 1087 
845 983 1095 
1015 1004 1011 
885 923 1016 
1052 1064 1098 
1082 1094 1041 
1090 1054 34 
1097 1096 951 
1022 1088 1091 
977 1090 1096 
991 1047 1093 
1070 1092 1071 
1087 1066 1099 
1083 1099 735 
1091 994 1089 
977 1089 1047 
1086 1004 1071 
1094 1071 1095 

108.886 193.045
151.82 104.836
106.237 278.422
204.553 206.54
108.446 309.848
166.494 65.859
226.1 135
127.143 255
240.045 139.182
71.8333 223
183.739 121.049
134.277 305.298
190.629 163.403
311.286 268.838
133.423 79.2712
238.901 161.986
269.698 228.093
329.406 276.196
263.505 70.2
294.038 99.725
111.299 107.709
250.217 344.167
391.286 99.4674
219.646 367.57
306.286 134
79.3052 355.805
275.482 127.292
370.28 179.04
382.517 121.119
410.375 253.625
355.763 56.1116
364.542 407.266
415.673 92.9592
369 371
435.6 74.6946
423.948 292.634
66.776 126.27
114.5 88.5
-562.045 223
116.409 144.578
-18.0848 299.471
-105.628 181.162
-30.1538 283
-977.437 259.554
80.2529 243.6
21.9864 270.448
87.973 231.867
72.8654 232.288
180.479 418.6
76.8256 349.892
107.096 336.996
94.2382 337.061
117.588 321.005
99.4435 327.702
100.846 342.725
-343.631 241.737
117.651 323.15
99.0844 328.984
107.678 309.548
98.9826 317.1
92.3941 301.142
98.5926 315.605
5.96667 147
59.3973 92.3275
96.7361 356.697
-578.254 735.165
75.1349 180.559
82.5185 142.695
74.1 129.6
-34.6937 185.158
88.8194 182.665
82.5185 147
51.193 40.5998
124.01 66.0737
84.8527 90.0134
71.5488 127.049
93.6728 96.1196
81.8287 74.8935
84.4615 283
-57.8921 289.217
78.2729 267.345
89.5294 299.471
77.6399 209.935
36.7447 193.356
83.4569 235.819
92.9133 190.268
66.033 263.745
95.125 251.875
99.3605 116.023
90.3367 161.505
80.3 266.7
95.125 243.6
111.491 257.33
88.4293 201.228
100.362 123.034
139.102 136.492
81.9235 118.929
113.43 130.295
98.9188 284.449
91.4863 300.14
-1135.25 -1550.31
146.357 86.7594
94.5 93.5
95.1597 86.1736
95.2812 86.4688
99.0187 59.6
88.2354 168.65
162.981 181.642
84.4615 276.112
105.362 265.134
86.8571 276.911
105.151 272.337
83.0439 149.837
115.136 133.444
82.9012 210.705
162.625 220.6
115.034 254.332
95.341 243.254
120.917 186.688
90.0968 218.7
149.851 466.186
754.144 53.1048
122.112 297.55
113.683 317.1
122.386 282.471
122.06 374
162.222 255.113
178.871 389.696
94.7214 100.314
106.59 74.7431
120.241 332.356
92.1262 361.065
107.857 109.071
114.658 84.3158
115.365 355.367
95.1538 366.212
108.347 405.755
74.7162 419.939
117.043 360.739
99.8969 376.587
-133.561 -226.652
166.901 76.0248
120.582 59.6
111.694 78.3889
133.788 73.2447
115.702 85.2371
120.508 376.587
94.2202 404.971
148.389 421.351
120.376 435.159
153.174 394.867
113.755 410.331
145.913 374
121.454 379.543
133.406 103.268
108.987 109.188
153.174 389.106
139.259 384.489
134.456 339.56
168.98 339.6
132.252 109.614
119.6 149.8
131.418 301.686
123.304 371.173
133.391 111.133
156.041 167.838
117.988 248.293
118.079 217.826
140.825 127.875
150.354 127.875
138.442 115.96
150.138 123.978
153.008 255.113
122.481 198.825
139.642 230.808
154.064 206.903
116.362 253.984
139.441 236.034
147.938 213.125
160.862 197.89
152.767 255
142.517 247.313
152.24 315.309
123.077 285.003
124.677 276.873
120.952 256.667
152.767 255
127.143 255
167.034 329.872
153.437 271.481
118.567 193.737
120.372 150.227
187.493 236.517
153.933 269
94.6019 -38.5164
275.281 -102.482
123.067 204.106
135.837 161.469
125.018 337.133
163.97 281.203
146.357 95.8673
130.003 82.8536
152.881 101.385
135.811 112.298
142.43 62.0607
152.031 98.2991
146.336 220.6
119.184 219.594
126.51 157.324
151.11 130.597
141.505 229.055
125.628 222.049
149.929 209.143
139.022 188.486
102.256 -18.2889
242.143 70.1429
160.24 60.7415
155.62 88.7095
137.656 174.133
166.567 175.667
150.429 339.6
149.039 308.578
154.952 172.19
210.696 202.83
138.098 168.82
172.408 143.738
156.833 173.444
155.874 146.11
143.108 361.271
151.575 312.08
145.913 364.611
165.354 329.152
146.273 376.072
215.89 386.435
142.968 356.391
139.565 344.67
180.333 86
150.356 135.626
152.544 395.729
167.65 366.681
166.788 380.03
182.332 376.957
167.65 377.875
171.315 344.007
165.278 127.056
163.929 168.714
165.722 86.2464
149.382 108.628
178.053 136.18
170.325 91.0717
166.649 117.457
154.945 118.237
147.357 162.411
140.034 159.97
179.919 406.887
150.308 426.628
166.155 148.088
178.409 172.568
178.266 390.905
153.284 447.886
166.155 284.617
213.202 310.332
168.025 168.373
187.13 181.75
165.904 198.759
187.169 178.651
157.503 199.78
192.766 193.383
180.95 187.475
179.958 175.667
170.432 165.806
212.895 135
194.118 255.073
161.154 269
171.013 165.911
187.447 159.064
182.222 181.75
181.131 176.839
172.769 285.47
170.242 342.754
189.686 338.86
163.583 307.792
203.83 93.9119
175.339 0.345669
187.735 244.748
165.543 223.713
175.528 313.764
175.216 353.369
187.559 337.915
168.3 366.433
174.103 325.877
214.531 379.5
194.549 326.918
215.773 371.925
182.098 60.6577
169.563 100.265
188.01 79.0911
169.733 101.253
184.302 71.6746
174.176 113.693
200.839 86
183.417 124.8
199.861 82.5768
176.153 88.6875
195.419 346.886
186.347 357.47
167.483 157.379
187.448 159.044
186.168 328.175
177.339 298.163
181.164 386.639
182.103 377.875
209.476 391.017
214.073 417.749
202.908 386.639
205.05 379.5
233.5 376.5
212.876 397.393
224.303 394.128
228.239 379.13
190.215 369.074
203.677 372.637
183.381 413.521
153.004 450.873
194.667 418.6
203.918 421.931
202.223 426.264
175.948 925.486
190.828 268.232
180.551 301.206
178.445 135.893
307.343 165.028
184.185 120.818
242.83 125.65
195.841 111.105
216.497 120.818
190.75 163.5
208.215 139.679
189.826 154.596
189.963 148.367
194.19 169.52
205.6 146.945
194.851 174.809
208.455 158.441
195.809 175.676
212.297 163.484
193.383 46.8656
203.738 91.1329
201.991 88.6875
211.844 111.281
198.509 106.836
211.844 106.934
197.309 369.62
206.283 331.583
199.654 331.385
199.093 303.431
203.556 333.531
214.36 311.899
240.504 247.072
196.374 214.719
217.786 260.859
199.093 285.512
224.49 276.276
199.859 304.35
239.547 320.775
203.166 343.697
206.044 152.279
216.579 120.357
214.705 163.889
253.593 132.056
238.466 170.676
213.117 164.192
245.167 150.583
230.929 155.154
233.7 149.15
234.802 118.332
215.283 186.13
231.471 170.176
215.283 175.572
213.312 168.675
226.475 331.583
210.062 351.886
239.163 171.802
212.16 202.366
232.696 142.122
217.048 123.39
214.36 323.507
210.952 355.977
238.026 289.645
233.841 355.209
226.875 344.875
288.981 465.646
225.622 92.2005
188.128 30.4
226.186 346.023
248.467 362.77
229.267 332.913
265.656 326.237
262.19 579.954
204.839 1698.31
136.985 -170.965
231.627 -793.306
247.585 30.4
209.159 58.8171
222.183 89.1913
223.876 102.421
212.173 113.147
217.192 127.577
227.393 107.904
248.751 106.414
235.653 119.669
229.547 136.724
242.07 93.822
222.914 59.4721
253.017 268.8
238.37 288.835
243.348 71.9964
224.715 75.686
219.122 369.339
232.234 344.875
227.588 395.481
225.201 364.515
240.179 370.934
230.739 332.913
233.865 396.13
245.531 370.111
226.184 114.354
242.454 96.4421
228.003 396.13
246.695 374.301
244.957 389.968
240.741 344.167
245.25 150.875
238.29 135.378
242.373 261.192
220.977 259.765
221.766 418.408
253.467 392.25
264.195 210.176
222.814 203.722
236.529 351.747
234.716 309.504
263.34 327.573
235.252 331.272
239.711 288.094
281.472 333.809
280.86 282.475
280.885 405.108
249.839 340.391
239.859 336.233
278.916 302.672
307.591 340.936
253.089 165.378
240.139 172.778
277.131 304.725
257.884 260.748
274.351 327.479
250.492 352.703
276.757 310.51
298.836 304.407
257.825 261.07
315.464 287.871
281.215 288.875
292.579 228.511
251.905 346.579
236.529 354.015
225.738 422.381
251.216 394.662
259.021 180.222
242.012 176.524
266.126 158.729
241.779 140.916
248.6 106.833
245.408 148.173
245.899 124.842
250.071 153.286
255.864 42.6
229.027 57.0268
272.41 81.5695
254.32 156.762
258.754 57.6842
250.533 70.2
244.581 237.916
234.57 210.283
263.968 210.903
258.053 204.647
272.303 80.4646
243.841 83.3363
280.94 217.873
266.677 241.461
260.785 65.8065
245.063 88.4289
256.735 221.235
242.918 224.196
242.147 244.973
267.5 232
259.527 135.616
280.94 176.315
248.992 249.172
259.488 242.175
259.098 139.045
267.314 156.391
247.531 375.594
264.078 384.859
247.662 401.058
261.444 372.811
255.402 387.411
249.761 382.283
249.32 410.59
264.548 374.984
265.95 415.591
271.469 392.25
247 359.25
282.173 318.092
242.584 464.496
255.927 416.463
256.25 364.5
268.01 345.696
293.874 113.366
247.853 30.0835
297.847 -19.4369
267.814 87.9525
261.341 145.773
294.84 75.84
279.8 42.6
257.996 47.4453
288.6 69.6
276.63 121.325
295.19 56.1018
320.245 77.0686
264.461 342.812
261.556 335.066
269.833 365
279.5 338
273.123 210.89
260.951 172.887
290.636 224.14
266.041 242.946
279.503 256.027
284.032 218.397
255.469 267.638
266.552 246.012
271.299 272.915
275.684 253.926
282.33 273.777
275.846 271.615
289.64 257.627
280.617 264.936
270.855 347.186
269.453 360.438
288.885 388.746
279.562 397.645
284.708 365
268.639 369.778
296.138 369.804
285.634 365.529
302.678 365.6
290.385 379
274.2 169.575
261.144 169.405
294.821 338
272.496 356.38
266.236 158.654
288.359 159.828
280.955 176.421
262.245 184.522
271.378 163.224
287.276 136.464
299.851 353.222
288.03 366.355
309.077 357.176
288.514 366.839
295.179 312
314.799 332.94
268.974 102.185
269.025 102.094
300.5 349
297.615 295.05
287.051 85.7528
320.5 142.5
311.948 401.225
279.849 402.956
321.396 412.144
278.907 424.23
316.267 389.156
298.438 379
328.455 395.5
315.729 404.117
311.73 384.619
311.566 395.487
275.542 184.522
276.594 183.4
289.42 288.875
287.248 320.799
282.114 197.665
298.698 165.624
293.596 101
291.5 134
280.609 302.174
294.1 292.73
282.747 281.689
286.279 265.88
295.55 293.105
306.067 264.422
315.913 269.455
288.969 262.997
306.286 134
283.943 152.015
308.872 212.536
289.137 160.778
289.545 199.165
293.429 178.553
291.5 134
317.116 132.548
321.637 202.252
295.55 183.4
314.748 150.218
333.443 102.698
314.336 144.041
295.553 115.603
301.207 237.139
300.926 190.569
319.464 184.421
314.941 215.571
324.5 190.8
309.467 205.4
322.495 205.4
314.833 231.5
286.805 330.986
296.675 306.764
307.591 349
299.201 340.555
295.018 61.4312
311.246 135.389
308.5 312
293.5 314.938
323.357 65.245
317.44 120.342
296.169 128.553
367.275 90.1803
290.031 41.1385
344.583 108.333
293.007 102.094
312.457 93.9084
310.019 114.57
315.794 101
323.394 117.365
318.229 129.024
301.056 71.6958
310.4 3.2495
310.904 166.97
300.37 192.979
321.63 366.308
300.906 383.938
298.062 252.414
322.841 206.091
309.696 358.582
307.413 385.797
328.506 330.199
309.943 312.882
321.895 275.01
344.042 341.762
327.6 210.85
336.995 247.584
328.74 262.24
329.878 238.527
327.668 211.6
332.243 258.446
321.87 233.722
318.875 224.225
339.814 232.393
337.868 270.153
328.111 327.964
312.567 313.891
319.769 366.432
318.469 365.6
335.102 355.082
313.111 335.667
328.754 326.972
323.335 398.032
339.245 343.201
336.413 384.558
307.565 199.694
361.034 162.856
312.554 287.58
308.479 281.469
315.604 182.414
323 145.5
333.739 146.216
316.387 133.589
340.202 181.827
350.057 214.619
334.047 175.672
330.945 119.735
353.022 169.635
335.565 173.141
333.739 159.152
320.527 150.941
357.367 290.247
316.789 327.964
316.077 52.3041
380.887 124.087
337 270.5
324.545 295.136
332.073 370.949
318.918 394.016
325.44 383.04
325.008 398.659
317.283 102.947
320.354 77.3958
340.787 359.63
316.126 379.547
319.324 23.0817
387.002 45.8876
329.333 35.8889
350.446 28.8513
333.547 53.4456
376.786 52.131
332.801 87.928
368.193 86.5123
364.895 66.6485
356.035 29.1574
368.476 105.77
350.815 113.319
324.432 28.7
350.027 28.7
341.62 134.371
322.423 158.523
368.327 86.3778
374.785 50.2416
354.865 122.769
336.77 130.091
364.728 47.1471
415.256 78.0577
379.281 476.962
218.395 180.025
326.357 119.735
321.328 104.97
341.311 412.489
323.492 426.821
324.305 308.022
324.545 307.301
331.24 335.667
341.17 303.145
330.255 314.964
337.25 291.458
345.879 311.777
341.375 353.75
368.273 167.682
326.427 220.701
342.7 200.7
331.229 226.703
338.686 231.34
336.297 230.504
356.113 224.871
345.446 211.6
356.795 224.301
345.769 221.423
335.909 383.992
326.522 405.094
332.176 290.049
341.1 253
345.815 387.3
341.531 413.812
337.234 107.157
362.917 138.917
342.318 295.682
367.168 267.605
344.757 285.203
339.604 262.863
366.893 142.671
337.256 163.841
399.45 186.147
342.926 174.981
356.969 208.859
332.405 190.405
355.25 416.75
332.443 423.6
341.62 134.657
380.887 139.873
352.6 423.6
328.09 426.985
338.571 348.143
347.988 397.464
353.28 182.6
341.357 204.954
340.328 247.214
345.911 277.123
354.477 256.946
347.089 338.481
348.227 247.455
339.842 262.434
352.786 253
361.971 252.041
345.338 312.809
342.048 364.044
357.67 258.107
361.53 326.848
361.217 241.681
341.203 246.284
347.25 324.917
349.441 366.218
361.099 251.2
353.043 251.2
354.448 280.324
380.809 338.623
356.4 221.667
347.669 213.823
350.312 185.073
362.442 211.596
342.012 180.923
345.739 169.355
358.667 202.917
365.629 205.702
358.173 292.284
371.686 307.268
347.836 325.795
379.628 223.906
352.345 350.464
362.029 252.294
370.624 311.729
351.406 308.526
351.12 349.852
366.592 334.947
347.333 395.5
351.64 419.759
378.271 351.314
355.628 340.615
362.198 404.987
359.728 356.505
370.937 318.617
365.924 350.696
355.844 178.938
354.055 170.589
355.633 198.746
350.312 196.418
369.36 368.297
351.158 381.675
365 182.6
356.708 224.685
371.481 190.822
386.281 203.5
363.242 406.761
367.439 416.75
383.409 416.08
386.527 514.641
352.167 128.167
391.711 100.541
369.596 183.826
364.527 236.769
387.471 208.26
415.751 231.79
365.631 293.139
358.361 292.136
364.075 36.695
385.4 -63.2435
364.325 139.59
365.078 120.046
369.211 263.067
377.39 219.153
368.148 267.45
373.204 238.267
457.404 201.2
380.91 395.379
372.219 278.551
422.899 271.929
372.94 246.509
413.911 233.733
419.18 337.344
387.11 376.866
374.719 253.625
408.5 221.5
377.171 233.733
396.568 211.059
424.681 331.843
411.163 388.8
426.794 327.918
378.29 406.382
368.088 123.287
366.206 109.899
428.951 321.207
402.989 411.473
384.46 200.04
409.47 144.756
424.41 274.857
444.907 182.98
409.199 221.71
406.243 203.5
457.404 211.528
454.424 218.029
411.066 251.75
399.677 186.086
372.422 163.533
400.089 175.778
366.893 155.239
408.353 142.375
383.771 363.493
359.525 357.478
366.407 208.424
369.923 184.279
363.404 340.615
374.179 330.612
388.003 367.887
365.267 380.332
387.354 371
371.536 385.765
390.871 389.403
374.153 391.325
368.228 167.754
384.555 200.048
369.438 36.3375
382.227 18.4318
380.786 165.126
412.278 122.663
371.494 190.838
380.786 171.161
372.921 193.549
383.68 179.12
378.624 220.057
373.175 211.325
379.574 73.1926
376.786 56.0794
372.114 85.3155
468.663 187.725
416.392 100.254
405.111 70.6389
394.84 388.8
379.281 431.452
407.469 84.7551
422.125 58.6
416.562 99.0625
401.848 59.2174
407.714 83.7143
402.106 58.3122
431.816 89.9104
431.023 81.9844
431.089 80.5312
415.951 93.561
418.571 90.2857
413.636 76.1136
395.33 113.23
380.934 110.037
396.792 131.664
381.637 123.611
401.092 122.774
393.434 101.855
386.375 180.917
399.694 160.056
403.156 121.056
393.755 116.904
387.393 -13.4238
429.16 51.5123
388.883 153.698
385.44 141.499
399.424 162.761
405.571 144.286
388.223 147.755
407.972 141.29
403.094 168.266
408.37 142.128
413.031 186.965
406.708 153.042
387.028 160.006
397.103 154.872
386.007 142.375
394.02 132.102
409.148 165.239
383.42 163.871
402.062 58.6
413.175 38.8701
413.739 30.4167
424.402 30.4167
412.991 28.1727
426.44 19.2069
399.397 52.6484
381.283 66.0725
623.78 -6377.28
456.058 60.2687
426.248 353.052
415.114 370.511
414.185 372.679
391.899 389.719
449.101 336.84
414.669 481.374
415.781 399.356
416.646 400.582
438.692 341.852
396.318 395.464
425.623 43.8491
417.876 79.7419
407.714 73.8929
461.09 63.2758
407.293 190.551
425.67 107.058
435.418 72.0559
421.823 80.5312
422.125 67.625
425.19 53.6952
428.908 235.426
406.29 205.226
419.373 233.519
415.994 151.279
492.611 249.273
592.748 267.412
614.75 181.25
496.367 249.742
458.319 211.694
439.867 322.767
409.029 119.406
407.994 104.92
501.174 113.217
521.467 183.133
495.05 201.2
425.436 355.857
457.028 199.243
469.386 157.355
455.935 196.21
410.408 120.137
435.994 100.058
421.023 167.743
512.345 101.016
435.424 149.889
457.742 71.6456
452.781 118.2
472.615 98.5385
451.57 114.323
423.325 129.066
408.357 142.429
424.297 110.216
421.738 125.573
452.781 129.277
418.688 135.25
430.393 135.25
413.044 164.551
425.894 154.373
425.506 159.417
436.438 312.481
409.938 414
419.411 368.578
410.884 417.029
437.723 385.225
437.886 432.83
424.24 276.47
417.854 251.75
436.972 139.437
423.946 174.685
143.31 989.939
197.787 288.139
441.943 159.417
440.027 175.355
449.421 336.73
430.305 396.598
471.721 330.466
452.542 355.857
457.731 90.3974
435.79 102.201
429.886 307.653
449.464 289.821
473.717 98.1102
445.922 106.165
449.839 133.003
444.491 161.965
460 298.25
452.592 307.51
663.312 275.66
452.542 337.285
473.012 389.312
432.219 400
425.668 281.889
444.238 251.423
527.877 103.604
176.575 250.825
464.12 127.009
458.705 137.839
485.514 118.2
460.781 140.146
460.567 383.373
435.609 410.848
452.414 283.922
425.553 280.34
459.409 400
439.029 414.532
447.269 413.354
401.498 564.792
567.042 178.069
451.509 187.725
723.556 280.099
451.644 423.199
448.73 79.532
437.667 55.5
457.295 71.6416
454.457 66.6739
224.412 78.6951
220.125 107.82
1722.79 604.792
358.145 76.0841
437.704 56.6224
448.489 50.2635
2700.69 239.193
110.765 336.121
