3
18
10 10 10 24.7255
15 100 85 99.6848
20 15 30 15.5559
30.1754 40.1754 20 144.845
30 100 10 24.7255
40 35 50 65
85 55 25 99.6848
85 25 75 81.3069
95 20 45 81.3069
110 10 45 24.7255
110 95 105 24.7255
65 65 65 401
50 50 50 226
50 20 45 226
60 50 100 82
100 100 65 145
110 90 55 82
100 45 100 37
73
1 2 3 4
5 1 0 7
6 8 14 13
3 2 1 0
2 1 0 5
2 1 5 4
2 5 13 4
13 5 7 4
2 5 12 13
0 1 10 7
2 11 0 15
7 1 9 4
2 15 3 6
12 7 9 13
5 1 7 4
8 9 14 13
17 9 12 7
13 14 6 4
17 5 0 7
15 8 6 13
18 17 8 12
10 1 9 7
16 17 12 7
6 14 3 4
2 5 16 12
16 5 17 7
2 13 6 4
9 1 14 4
15 8 14 6
2 16 11 12
13 7 14 4
0 1 3 10
15 8 13 12
2 15 13 12
0 10 3 8
8 12 9 13
10 9 17 7
13 7 9 14
14 7 9 4
0 10 17 7
0 10 11 17
11 17 18 16
2 6 3 4
11 16 18 12
18 17 12 16
14 1 3 4
12 5 7 13
15 14 3 6
2 12 11 15
8 10 14 9
10 1 14 9
10 1 3 14
8 10 3 14
2 15 6 13
15 0 3 8
15 8 3 14
12 5 16 7
15 18 8 12
2 0 3 15
11 12 18 15
11 10 18 17
10 9 18 17
18 9 8 17
2 16 0 11
2 5 0 16
17 9 8 12
0 17 11 16
16 5 0 17
11 18 0 15
15 0 8 18
0 10 8 18
10 9 8 18
0 10 18 11
42 45 5 3
9 18 14 4
15 17 19 28
4 31 58 0
1 64 5 3
14 6 0 4
7 26 5 8
14 30 6 46
46 33 6 24
21 39 1 31
68 58 48 63
27 38 14 21
47 42 53 58
37 35 46 16
11 7 5 1
37 2 35 49
13 22 36 65
23 26 30 2
1 39 25 67
2 53 32 28
65 57 44 62
11 36 9 50
16 56 25 44
45 42 17 47
56 29 8 64
18 22 56 67
17 42 6 53
45 38 11 50
2 47 19 55
43 48 24 63
38 17 7 37
51 34 9 3
35 33 57 19
32 8 48 53
52 54 70 31
13 15 32 65
16 39 21 61
38 15 30 13
11 27 30 37
36 18 9 40
60 66 39 72
44 43 66 60
23 0 26 12
44 59 29 41
22 43 41 20
0 23 27 51
7 13 8 56
23 12 28 55
59 10 33 29
50 15 71 52
27 49 21 51
45 52 50 31
51 55 49 34
19 26 33 12
34 55 69 58
52 47 28 54
25 22 46 24
20 32 59 69
54 12 10 3
57 68 48 43
61 41 40 72
62 60 36 71
65 20 61 71
66 10 29 64
67 63 24 4
35 20 16 62
41 63 67 40
18 66 25 64
69 10 59 72
70 57 68 54
71 69 72 34
62 70 61 49
60 68 40 70









































































-53.0103 63.1666 41.5678
61.1293 45.8601 -93.2258
55.1913 30.3391 75.4652
-98.0881 42.6047 69.2471
-90.1851 79.4856 24.4633
-62.4776 73.3284 30.0047
8.7604 75.9188 44.2524
52.0232 71.5083 17.1078
30.2008 87.9254 48.5404
91.5921 -15.0653 -62.763
85.2189 85.8329 -13.9578
75.3612 -0.83339 -24.3046
-39.148 13.8181 119.094
78.1178 41.0085 47.5404
75.6169 42.6407 -156.005
74.1077 34.1224 52.7655
103.595 53.747 57.0942
44.6187 37.3875 33.1749
-13.2732 42.0446 168.137
54.6896 30.6736 76.5021
104.85 54.7274 65.1941
86.6811 -11.5575 -48.7316
78.7011 89.956 35.5951
30.6453 27.136 35.9825
52.0352 116.622 52.9073
77.4485 103.735 20.5631
2.03598 65.776 52.0176
74.1077 -1.022 -21.2064
53.675 28.6444 77.5167
62.679 105.978 98.1435
60.2895 39.2131 22.2216
64.3383 -65.6795 15.105
57.0903 33.5545 76.0219
24.1899 59.8747 82.602
25.7336 -312.749 164.376
76.3131 37.399 52.9545
128.333 50.9198 39.7778
74.1077 36.0928 40.943
74.1077 1.94885 -18.8089
-10.052 34.0436 174.787
25.5396 45.2296 85.2998
107.431 71.6204 82.6607
-18.4184 55.2773 56.905
94.8647 73.7924 86.0738
99.9471 68.71 78.0871
49.9363 6.71725 4.20675
57.7167 81.8108 27.1392
-0.384084 -19.4081 113.556
60.9253 99.6212 104.884
74.1077 -30.4175 63.5222
74.1077 -30.4175 -12.8077
57.5265 -129.905 34.5672
22.1369 -342.242 176.126
18.3041 54.9306 83.7792
-823.989 -2691.97 1920.47
-15.8747 -152.185 188.796
70.4814 98.1758 29.4303
80.5811 47.649 85.4183
-823.989 -483.41 816.189
83.9778 74.8223 97.5492
238.066 45.2296 85.2998
126.378 47.9873 63.2379
113.569 50.7447 63.1489
59.861 4.53048 86.167
52.0352 33.9751 52.9073
104.493 53.1797 59.7177
52.3124 10.3774 88.785
47.127 34.8229 59.1541
85.3377 85.7015 -13.9634
112.873 305.987 -140.628
74.4472 262.072 -82.4394
120.957 39.8569 67.4263
47.2637 89.6883 22.3165
