0 0 0
34.86 0 0
0 33.25 0
34.86 33.25 0
22.3625 2.451 1.63458
24.7692 1.85608 0.405527
28.8471 2.36496 0.522506
17.5796 2.82442 1.20722
19.8977 2.81755 1.06373
30.415 2.205 0.0811054
8.645 2.24 0.00935831
7.73557 3.13311 0.666
15.698 3.28855 0.678478
30.8 2.47 0.010918
24.15 2.555 0.00935831
25.1431 2.81969 0.049911
29.7771 3.25271 0.33378
24.3194 3.35917 0.263592
27.4587 3.80945 0.708112
23.66 3.08 0.00155972
25.48 3.15 0.00155972
26.4473 3.23273 0.0171569
26.3257 3.72 0.0764262
9.26935 3.67161 0.0483513
9.99633 3.89922 0.199644
13.4639 4.44402 0.946749
25.4909 3.70125 0.049911
14.6804 4.0425 0.106061
23.2624 4.26274 0.375892
24.9783 3.69833 0.00935831
11.7275 4.30821 0.322862
6.94683 5.78157 3.87902
24.8309 4.06 0.0343138
28.9996 5.18723 1.11676
19.9702 4.34311 0.0701873
21.1917 4.76783 0.488192
25.4629 4.34 0.0639485
26.3943 4.78441 0.407087
15.7784 5.62399 2.05259
24.4162 4.48803 0.0951428
18.2998 5.40652 1.05749
2.37336 4.67612 0.180927
9.33651 4.85195 0.263592
10.6473 5.15262 0.566178
25.4761 6.09995 1.1963
12.2129 5.57278 0.477274
19.9437 5.81978 0.714351
22.6722 5.18778 0.0140375
27.3744 5.45038 0.124777
21.7461 6.0563 0.547461
23.353 6.02951 0.505349
9.03 5.46 0.00155972
29.9833 5.62333 0.00467916
26.8432 6.0532 0.151293
24.2451 6.06846 0.060829
4.33614 6.3589 0.226159
13.4117 6.98019 1.22906
30.3211 6.50889 0.296347
9.76248 6.58112 0.194965
11.6216 6.78838 0.405527
27.5562 7.14933 0.701873
20.5539 7.18118 0.397728
31.3271 6.69529 0.0265152
19.0611 7.7301 1.08088
24.4049 7.15052 0.269831
31.3254 8.07416 0.795456
21.9134 7.51211 0.38525
10.5417 7.53445 0.311944
23.6664 7.09545 0.0171569
29.7927 7.80521 0.527185
17.2872 8.59815 1.74065
15.0126 8.36388 1.07309
5.40726 7.77623 0.227719
23.7318 9.2055 2.60473
26.3288 8.04504 0.198084
28.492 8.45534 0.692515
9.4002 8.93538 1.38347
25.4893 8.15442 0.187166
7.6719 8.36525 0.44296
6.49833 8.11533 0.0467916
12.5859 8.80659 0.895278
20.804 8.94393 1.08712
27.087 8.68 0.0733068
6.59889 9.3628 0.450759
30.376 8.89795 0.137255
26.495 8.855 0.0249555
11.0526 9.52453 0.265152
27.3975 10.0359 0.920234
13.9106 10.4363 1.46458
26.1532 9.55025 0.126337
5.21231 9.96369 0.202763
19.4837 9.95185 0.193405
7.98 9.835 0.0686276
16.1464 10.9537 1.50669
22.0285 11.1633 1.83891
29.918 9.90763 0.124777
25.8988 10.873 0.650403
18.7268 9.91053 0.0296347
11.9406 10.374 0.241756
29.131 10.5989 0.366534
18.0742 11.1252 0.981063
10.4825 10.3892 0.0748665
30.5986 11.2823 0.825091
20.2586 10.6423 0.145054
7.81794 11.0332 0.485072
9.28785 11.335 0.616089
11.3922 12.9884 3.56864
19.7067 12.0142 1.15263
4.06168 12.2512 1.88414
27.6737 13.1812 2.32242
24.1651 11.6436 0.115419
31.7125 11.7649 0.088904
29.1883 11.9044 0.124777
14.4484 13.1075 1.92781
6.19923 12.2069 0.141934
25.2315 12.075 0.0935831
25.9274 12.1252 0.0358735
8.79308 12.3631 0.0202763
24.7061 12.8708 0.393049
17.3752 13.7816 1.86074
6.57027 13.7226 1.05437
21.8397 13.4675 0.795456
23.7911 13.1697 0.123218
8.73934 13.5273 0.379012
19.8101 14.3479 1.29613
25.4217 13.9734 0.299466
23.3032 13.8261 0.0483513
15.5389 15.7928 2.38013
8.09473 15.0955 0.712791
23.5262 14.6168 0.157532
28.642 15.1292 0.428923
21.5854 15.244 0.60673
30.1873 15.6966 1.27897
5.188 15.2533 0.16377
23.074 15.353 0.255794
6.61387 15.2786 0.193405
13.0947 16.3368 1.64394
31.5109 15.2141 0.099822
10.7732 16.1752 0.708112
27.3296 15.8623 0.232398
19.0628 15.9765 0.291667
8.96456 16.579 0.742426
20.546 16.5351 0.700314
17.9393 16.001 0.0452318
25.8728 16.7541 0.974824
6.67859 16.9598 1.21814
28.7631 16.7044 0.491311
23.2389 16.4962 0.302585
7.805 16.205 0.00623887
17.4725 16.9516 0.544342
22.1185 16.7576 0.293227
31.5406 16.6984 0.0483513
18.7673 17.1139 0.193405
30.6938 17.3152 0.177808
10.9562 17.8741 0.898398
27.1397 18.9136 2.40041
9.91577 17.2442 0.0405527
31.3637 17.1979 0.0296347
4.14906 18.3154 1.13392
5.44518 17.6202 0.132576
31.781 18.2275 0.860965
19.8511 18.1333 0.627007
22.3347 18.6654 1.76092
15.0772 18.8453 1.72973
16.7988 18.0885 0.27607
18.34 17.57 0.00155972
25.2167 18.0779 0.262033
28.805 17.6983 0.00935831
29.3033 18.4536 0.405527
8.23533 19.0402 1.332
12.7195 18.6741 0.506908
17.9456 18.3054 0.145054
18.5906 18.6451 0.126337
5.74 18.6805 0.115419
24.3787 19.6822 1.15887
6.23 18.41 0.00155972
6.76641 18.8171 0.143494
30.555 18.585 0.0187166
17.1482 19.367 0.369653
20.4657 19.566 0.542782
30.4256 19.6182 0.768941
11.2126 19.6884 0.878121
5.61994 19.7551 0.268272
13.5301 20.5886 1.38503
32.0982 19.5173 0.0343138
19.064 19.926 0.204323
31.6803 19.8485 0.0623887
9.5683 20.6939 0.800136
3.47667 19.9827 0.0233958
6.9656 20.1986 0.180927
25.41 19.95 0.0171569
28.1378 21.2776 1.56908
23.2641 20.54 0.335339
21.2944 20.3769 0.159091
25.8043 20.2417 0.0467916
4.72541 21.4508 1.84983
17.3835 20.6331 0.265152
31.5906 20.8562 0.486632
8.02463 20.706 0.124777
19.9546 21.1233 0.452318
18.4479 20.774 0.0748665
11.5198 21.2917 0.578656
21.9908 22.5807 3.3222
30.2764 20.8068 0.038993
25.9635 21.2208 0.101382
32.663 21.0016 0.0686276
29.9517 21.8772 0.619208
15.3388 21.1313 0.0124777
7.74564 22.3437 1.34916
16.1523 22.1915 1.01382
18.6866 21.7259 0.349377
31.0792 21.8508 0.131016
10.4471 21.8485 0.0639485
25.83 21.7 0.00155972
12.7041 22.1128 0.060829
24.0382 22.1414 0.1123
25.1398 22.361 0.299466
26.6396 22.0774 0.0358735
13.2951 23.2426 0.538103
14.1244 22.2133 0.0561499
18.0096 22.2488 0.038993
9.64184 22.7054 0.33066
11.4714 23.2844 1.13236
19.5182 22.6017 0.157532
17.5991 22.9359 0.240197
27.3764 23.7452 1.12768
30.4854 23.6551 0.931152
15.3229 23.252 0.154412
29.0079 23.3477 0.199644
5.40372 25.4911 5.6727
19.1688 23.4125 0.174688
14.385 23.275 0.0436721
24.2826 23.9654 0.575536
8.58964 23.5875 0.0857845
16.275 23.9483 0.343138
18.1106 24.7847 1.38659
14.4334 24.5059 0.881241
7.97106 24.1808 0.21992
9.31 24.1792 0.265152
32.5358 24.1479 0.207443
20.0654 24.8891 0.60829
25.6498 24.4545 0.0623887
10.6003 24.7737 0.209002
16.2671 25.8321 1.36787
23.0937 25.2059 0.464796
8.93387 25.3887 0.701873
21.8416 25.0294 0.199644
25.2889 25.2016 0.132576
28.7825 25.0325 0.0436721
12.2846 25.3108 0.123218
29.4718 25.1773 0.0623887
30.7389 25.6174 0.380571
31.995 25.7831 0.307265
32.7279 25.3108 0.0374332
26.565 25.27 0.00935831
11.0017 25.6288 0.149733
28.245 25.48 0.0467916
24.5362 25.9584 0.44296
14.2268 26.6192 1.45834
21.7174 26.1774 0.375892
29.7979 27.3972 1.62211
28.5031 26.1319 0.0249555
23.1376 26.6355 0.354056
27.5169 26.4154 0.159091
8.44314 26.692 0.134136
26.4321 26.9116 0.269831
28.3267 26.4133 0.00467916
31.3997 26.5962 0.0577096
2.99984 26.7502 0.0967025
27.076 26.768 0.0233958
21.63 26.67 0.00155972
18.4567 26.7867 0.00467916
21.1625 27.2407 0.305705
21.28 26.81 0.00155972
22.4175 26.9675 0.0311944
25.3773 27.2351 0.193405
7.77 27.09 0.0577096
24.255 26.88 0.00311944
10.0534 27.6497 0.418005
19.3509 27.5085 0.212122
32.4531 27.2031 0.0202763
17.0441 28.5514 1.74377
8.64405 27.6885 0.173129
23.3241 28.0688 0.628567
27.7426 28.2855 0.817292
31.8126 27.9117 0.297906
22.0645 28.0446 0.210562
12.9743 28.0107 0.143494
24.8409 28.0533 0.071747
25.941 28.28 0.383691
7.29 28.2421 0.316623
20.6607 28.8474 1.11364
3.65185 28.1432 0.101382
11.5695 28.8095 0.895278
14.4629 28.7545 0.840688
4.55613 28.3806 0.124777
24.5064 28.2355 0.0171569
9.205 28.4813 0.0124777
31.6904 29.0375 0.244876
8.465 29.1223 0.283869
9.92938 29.548 0.781419
19.1092 29.6038 0.651962
13.0271 29.3509 0.308824
24.1783 29.1712 0.243316
30.1954 29.6265 0.708112
26.4955 29.4336 0.399288
22.9797 29.1003 0.049911
7.52029 30.0191 0.591133
28.0629 29.578 0.0920234
6.16289 30.4431 0.377452
11.5119 30.6252 0.598932
14.6372 30.1879 0.060829
8.43182 30.3673 0.0171569
9.48387 30.6668 0.0483513
8.60632 30.8055 0.0592693
4.92333 31.2433 0.00467916
9.31 31.36 0.00155972
9.212 31.486 0.00779859
