315 626 2
319.465 35.0143 333.589
353.846 26.5154 82.7606
412.101 33.7851 106.634
251.137 40.3488 246.372
284.252 40.2507 217.087
434.5 31.5 16.5521
123.5 32 1.90986
110.508 44.7588 135.918
224.257 46.9793 138.465
440 35.2857 2.22817
345 36.5 1.90986
359.188 40.2812 10.1859
425.388 46.4673 68.1183
347.42 47.9882 53.7944
392.267 54.4207 144.513
338 44 0.31831
364 45 0.31831
377.818 46.1818 3.50141
376.082 53.1429 15.5972
132.419 52.4516 9.86761
142.805 55.7031 40.7437
192.341 63.486 193.214
364.156 52.875 10.1859
209.721 57.75 21.6451
332.32 60.8963 76.7127
356.833 52.8333 1.90986
167.536 61.5459 65.8901
99.2405 82.5939 791.637
354.727 58 7.00282
414.279 74.1034 227.91
285.289 62.0444 14.3239
302.738 68.1118 99.631
363.756 62 13.0507
377.061 68.3487 83.0789
225.406 80.3427 418.896
348.803 64.1148 19.4169
261.426 77.236 215.814
33.9052 66.8017 36.9239
133.379 69.3136 53.7944
152.105 73.6088 115.546
363.944 87.1421 244.144
174.471 79.6111 97.4028
284.91 83.1397 145.786
323.889 74.1111 2.86479
391.062 77.8625 25.4648
310.658 86.5185 111.727
333.614 86.1358 103.132
129 78 0.31831
428.333 80.3333 0.95493
383.474 86.4742 30.8761
346.359 86.6923 12.4141
61.9448 90.8414 46.1549
191.595 99.717 250.828
433.158 92.9842 60.4789
139.464 94.016 39.7887
166.023 96.9769 82.7606
393.66 102.133 143.239
293.627 102.588 81.169
447.529 95.6471 5.41127
272.302 110.43 220.589
348.642 102.15 55.0676
447.506 115.345 162.338
313.049 107.316 78.6225
150.595 107.635 63.662
338.091 101.364 3.50141
425.609 111.503 107.589
246.96 122.831 355.234
214.465 119.484 218.997
77.2466 111.089 46.4732
339.026 131.507 531.578
376.126 114.929 40.4254
407.029 120.791 141.33
134.289 127.648 282.341
364.133 116.492 38.1972
109.599 119.504 90.4
92.8333 115.933 9.5493
179.798 125.808 182.71
297.199 127.77 221.862
386.957 124 14.9606
94.2699 133.754 91.9916
433.943 127.114 28.0113
378.5 126.5 5.09296
157.894 136.065 54.1127
391.393 143.369 187.803
198.723 149.091 298.893
373.617 136.432 25.7831
74.4615 142.338 41.3803
278.339 142.169 39.4704
114 140.5 14.0056
230.664 156.481 307.487
314.693 159.476 375.287
427.4 141.537 25.4648
369.983 155.329 132.735
267.526 141.579 6.04789
170.581 148.2 49.338
416.157 151.413 74.8028
258.203 158.932 200.217
149.75 148.417 15.2789
437.123 161.176 168.386
289.409 152.032 29.6028
111.685 157.617 98.9944
132.684 161.929 125.732
162.745 185.548 728.293
281.524 171.632 235.231
58.024 175.017 384.518
395.338 188.303 473.963
345.216 166.338 23.5549
453.035 168.07 18.1437
416.975 170.062 25.4648
206.405 187.25 393.431
88.5604 174.385 28.9662
360.45 172.5 19.0986
370.391 173.217 7.32113
125.615 176.615 4.13803
352.944 183.869 80.2141
248.217 196.88 379.744
93.8609 196.037 215.177
311.996 192.392 162.338
339.873 188.139 25.1465
124.848 193.247 77.3493
283.001 204.97 264.516
363.167 199.62 61.1155
332.903 197.516 9.86761
221.985 225.611 485.741
115.639 215.65 145.468
336.089 208.812 32.1493
409.171 216.131 87.5352
308.362 217.771 123.823
431.248 224.238 261.014
74.1143 217.905 33.4225
329.628 219.329 52.2028
94.4839 218.266 39.4704
187.067 233.383 335.499
450.156 217.344 20.3718
153.903 231.075 144.513
390.423 226.604 47.4282
272.326 228.235 59.5239
128.065 236.842 151.516
293.514 236.216 142.921
256.276 228.586 9.23099
369.611 239.344 198.944
95.4085 242.283 248.6
410.902 238.635 100.268
331.985 235.66 61.7521
111.5 231.5 1.27324
249.607 242.166 111.09
315.979 239.394 59.8423
450.581 238.548 9.86761
268.105 244.484 39.4704
438.482 247.36 36.2873
156.517 255.344 183.346
387.71 270.194 489.879
141.654 246.346 8.27606
448.053 245.684 6.04789
59.2724 261.649 231.411
77.7882 251.718 27.0563
454.014 260.393 175.707
283.587 259.047 127.961
319.067 266.649 359.372
215.389 269.219 353.006
239.983 258.407 56.3408
262 251 0.31831
360.238 258.256 53.4761
411.5 252.833 1.90986
418.619 263.623 82.7606
117.648 272.004 271.837
181.708 266.772 103.451
256.366 261.505 29.6028
265.58 266.358 25.7831
82 266.865 23.5549
348.268 281.174 236.504
89 263 0.31831
96.663 268.815 29.2845
436.5 265.5 3.81972
244.975 276.671 75.4394
292.368 279.514 110.772
434.651 280.26 156.927
160.179 281.263 179.208
80.2849 282.215 54.7493
193.287 294.123 282.659
458.545 278.818 7.00282
272.344 284.656 41.6986
452.575 283.55 12.7324
136.69 295.628 163.293
49.6667 285.467 4.77465
99.5086 288.552 36.9239
363 285 3.50141
401.968 303.966 320.22
332.344 293.428 68.4366
304.206 291.098 32.4676
368.633 289.167 9.5493
67.5059 306.439 377.516
248.335 294.759 54.1127
451.295 297.946 99.3127
114.638 295.8 25.4648
285.066 301.762 92.3099
263.542 296.771 15.2789
164.569 304.167 118.093
314.154 322.582 678
432.52 297.24 7.95775
370.908 303.154 20.6901
466.614 300.023 14.0056
427.882 312.531 126.369
219.125 301.875 2.54648
110.652 319.195 275.338
230.748 317.022 206.901
266.951 310.371 71.3014
443.988 312.155 26.738
149.244 312.122 13.0507
369 310 0.31831
181.487 315.897 12.4141
343.403 316.306 22.9183
359.141 319.443 61.1155
380.565 315.391 7.32113
189.93 332.038 109.817
201.778 317.333 11.4592
257.28 317.84 7.95775
137.741 324.363 67.4817
163.877 332.634 231.093
278.832 322.881 32.1493
251.416 327.656 49.0197
391.091 339.217 230.138
435.506 337.93 190.031
218.899 332.172 31.5127
414.398 333.539 40.7437
77.196 364.158 1157.69
273.839 334.464 35.6507
205.5 332.5 8.91268
346.894 342.363 117.456
122.709 336.964 17.507
232.5 342.118 70.0282
258.723 354.067 282.977
206.191 350.085 179.845
113.872 345.44 44.8817
133 345.418 54.1127
464.797 344.97 42.3352
286.649 355.559 124.141
366.425 349.35 12.7324
151.433 353.91 42.6535
232.388 369.03 279.158
329.909 360.084 94.8563
127.627 362.696 143.239
312.023 357.562 40.7437
361.271 360.024 27.0563
411.179 357.607 8.91268
175.494 361.582 25.1465
421.025 359.675 12.7324
439.127 365.963 77.6676
457.071 368.33 62.707
467.542 361.583 7.63944
379.5 361 1.90986
157.167 366.125 30.5577
403.5 364 9.5493
350.518 370.835 90.4
203.24 380.274 297.62
310.249 373.963 76.7127
425.685 391.388 331.042
407.188 373.312 5.09296
330.537 380.507 72.2563
393.098 377.363 32.4676
120.616 381.314 27.3747
377.601 384.451 55.0676
404.667 377.333 0.95493
448.568 379.946 11.7775
42.8548 382.145 19.7352
386.8 382.4 4.77465
309 381 0.31831
263.667 382.667 0.95493
302.321 389.153 62.3887
304 383 0.31831
320.25 385.25 6.3662
362.532 389.073 39.4704
111 387 11.7775
346.5 384 0.63662
143.619 394.996 85.307
276.441 392.978 43.2901
463.615 388.615 4.13803
243.487 407.877 355.87
123.486 395.55 35.3324
333.201 400.983 128.279
396.323 404.078 166.794
454.466 398.738 60.7972
315.207 400.637 42.9718
185.348 400.152 29.2845
354.87 400.761 14.6423
370.585 404 78.3042
104.143 403.458 64.6169
295.153 412.105 227.273
52.1692 402.046 20.6901
165.279 411.564 182.71
206.612 410.779 171.569
65.0875 405.438 25.4648
350.091 403.364 3.50141
131.5 406.875 2.54648
452.72 414.822 49.9747
120.929 416.033 57.9324
141.848 422.114 159.473
272.988 422.911 133.054
186.101 419.298 63.0254
345.404 416.731 49.6563
431.363 423.236 144.513
378.508 420.48 81.4873
328.281 415.719 10.1859
107.433 428.844 120.639
400.898 422.542 18.7803
88.0413 434.901 77.031
164.456 437.503 122.231
209.103 431.256 12.4141
120.455 433.818 3.50141
135.484 438.097 9.86761
122.947 440.079 12.0958
70.3333 446.333 0.95493
133 448 0.31831
131.6 449.8 1.59155

6 0 10 
18 17 12 
2 1 4 
5 4 1 
11 1 2 
31 37 5 
16 11 14 
9 22 27 
2 6 3 
2 0 6 
2 7 0 
2 4 7 
7 8 38 
7 4 9 
11 2 12 
4 5 37 
6 10 13 
16 14 25 
6 13 3 
12 14 11 
13 15 3 
2 3 18 
49 30 13 
26 23 29 
17 26 12 
5 1 32 
10 49 13 
20 8 7 
1 16 25 
1 11 16 
2 18 12 
18 19 17 
15 18 3 
15 19 18 
17 19 23 
19 33 23 
21 20 7 
28 8 20 
9 27 7 
39 20 21 
9 4 35 
27 21 7 
17 23 26 
34 19 15 
1 25 32 
22 9 24 
13 30 15 
31 32 43 
14 26 29 
14 12 26 
35 53 22 
40 21 27 
46 32 44 
38 8 28 
14 29 36 
45 15 30 
54 30 49 
40 48 39 
24 9 35 
41 33 34 
22 24 35 
31 5 32 
29 33 36 
29 23 33 
36 33 41 
33 19 34 
30 57 45 
43 46 58 
51 36 41 
25 14 36 
4 37 35 
47 25 36 
52 38 28 
0 7 38 
22 42 27 
28 20 39 
21 40 39 
48 28 39 
43 32 46 
37 43 60 
27 42 40 
22 53 42 
60 43 58 
37 31 43 
47 44 25 
32 25 44 
34 45 50 
34 15 45 
51 61 47 
40 55 48 
51 47 36 
46 44 47 
42 53 56 
40 42 56 
0 59 10 
50 41 34 
10 59 49 
50 57 41 
57 71 41 
47 63 46 
55 64 73 
69 87 52 
50 45 57 
35 67 68 
30 54 66 
65 61 70 
48 55 28 
56 64 55 
40 56 55 
53 77 56 
59 62 54 
37 60 67 
63 58 46 
37 67 35 
49 59 54 
0 202 59 
63 78 58 
55 73 75 
41 61 51 
92 72 81 
54 62 66 
35 68 53 
41 71 74 
65 70 63 
63 70 78 
69 52 28 
47 65 63 
47 61 65 
79 57 72 
57 30 66 
58 78 60 
68 77 53 
90 68 67 
77 64 56 
77 83 64 
80 87 69 
82 86 74 
75 76 28 
82 71 79 
57 66 72 
71 57 79 
66 62 81 
83 98 73 
76 69 28 
61 74 70 
61 41 74 
55 75 28 
73 89 75 
80 76 75 
80 69 76 
60 88 94 
68 85 77 
60 78 88 
100 78 91 
74 71 82 
72 66 81 
64 83 73 
87 105 52 
108 99 62 
92 96 72 
72 84 79 
79 84 82 
70 91 78 
89 101 80 
86 84 93 
85 95 77 
100 104 88 
89 80 75 
74 86 70 
82 84 86 
73 98 102 
105 38 52 
94 88 97 
70 86 93 
77 95 83 
83 95 98 
68 90 85 
101 111 80 
72 96 84 
97 90 67 
62 99 81 
93 107 70 
96 106 84 
134 99 108 
67 94 97 
67 60 94 
90 110 85 
73 102 89 
81 99 92 
92 99 96 
97 116 90 
104 116 97 
85 103 95 
95 103 98 
93 84 106 
102 101 89 
78 100 88 
91 104 100 
88 104 97 
111 105 87 
103 102 98 
114 117 101 
91 118 104 
111 87 80 
107 112 115 
119 107 115 
120 117 114 
155 185 105 
99 129 109 
110 103 85 
70 107 91 
112 113 115 
59 108 62 
127 136 106 
96 109 106 
96 99 109 
116 110 90 
116 124 110 
102 114 101 
101 117 111 
93 112 107 
113 106 122 
93 113 112 
93 106 113 
103 114 102 
103 120 114 
91 107 119 
118 121 104 
123 126 118 
117 105 111 
103 110 133 
125 132 117 
119 118 91 
119 122 126 
113 122 115 
115 122 119 
110 124 133 
116 121 137 
104 121 116 
103 125 120 
109 129 106 
118 128 121 
119 123 118 
119 126 123 
118 126 131 
125 117 120 
125 135 138 
130 105 117 
106 136 122 
128 139 121 
129 127 106 
131 144 147 
122 141 126 
127 129 143 
134 129 99 
140 137 149 
132 130 117 
155 105 130 
118 131 128 
122 136 141 
103 133 135 
125 103 135 
131 126 141 
145 138 142 
59 202 108 
108 202 134 
151 135 133 
125 145 132 
131 147 128 
124 146 161 
116 137 140 
121 139 137 
124 140 146 
142 130 132 
127 143 136 
147 159 139 
116 140 124 
137 139 149 
143 152 136 
124 160 133 
135 151 153 
156 130 142 
134 148 129 
174 150 157 
141 144 131 
163 152 171 
132 145 142 
125 138 145 
143 129 150 
162 158 169 
128 147 139 
144 141 163 
129 148 150 
149 146 140 
136 152 141 
147 144 159 
154 150 148 
153 166 138 
161 160 124 
172 170 156 
154 157 150 
167 178 151 
135 153 138 
151 166 153 
157 154 148 
165 152 164 
189 159 171 
185 38 105 
138 166 142 
155 130 156 
134 157 148 
165 177 188 
139 158 149 
133 160 167 
139 159 158 
163 171 159 
158 176 182 
142 172 156 
149 162 146 
168 175 161 
146 162 168 
149 158 162 
144 163 159 
141 152 163 
143 164 152 
143 150 165 
143 165 164 
150 174 165 
160 180 167 
170 155 156 
133 167 151 
160 175 193 
146 168 161 
158 159 176 
168 169 175 
168 162 169 
166 186 173 
179 155 170 
165 174 177 
169 182 175 
166 173 142 
173 170 172 
142 173 172 
166 178 184 
181 183 157 
165 188 152 
161 175 160 
169 158 182 
180 178 167 
178 166 151 
157 177 174 
207 193 197 
182 193 175 
179 170 173 
180 198 178 
185 155 179 
177 183 194 
184 195 166 
134 202 157 
183 177 157 
159 189 190 
191 187 152 
157 202 181 
176 196 182 
207 197 196 
192 185 179 
186 192 179 
265 38 185 
173 186 179 
195 205 186 
152 187 171 
152 188 201 
200 188 177 
198 184 178 
176 159 190 
171 187 191 
176 190 196 
189 199 190 
201 191 152 
201 171 191 
216 204 206 
226 265 192 
160 193 204 
210 213 201 
181 194 183 
200 203 188 
166 195 186 
184 198 209 
199 196 190 
197 182 196 
207 217 193 
193 182 197 
195 184 205 
180 160 204 
194 202 208 
205 192 186 
194 200 177 
194 208 200 
214 201 188 
201 213 171 
181 202 194 
212 199 189 
208 203 200 
208 223 203 
206 204 193 
206 224 216 
198 219 209 
226 192 205 
220 227 217 
211 198 180 
199 220 196 
217 206 193 
0 250 202 
213 229 212 
211 219 198 
218 184 209 
214 213 210 
212 189 171 
216 211 180 
215 219 211 
201 214 210 
171 213 212 
225 222 188 
221 231 206 
203 225 188 
188 222 214 
213 222 238 
218 205 184 
211 216 215 
180 204 216 
196 220 207 
217 221 206 
219 218 209 
230 234 205 
228 224 233 
230 205 218 
207 220 217 
199 227 220 
212 229 199 
224 228 216 
214 222 213 
228 233 215 
202 236 208 
235 242 234 
217 227 221 
206 231 224 
223 225 203 
223 247 225 
238 222 251 
265 185 192 
221 227 232 
231 232 240 
216 228 215 
224 231 233 
199 229 241 
248 223 236 
219 235 218 
234 226 205 
199 237 227 
221 232 231 
213 238 229 
227 237 232 
215 233 246 
233 240 255 
218 235 230 
240 233 231 
230 235 234 
219 215 246 
208 236 223 
269 256 267 
243 237 199 
242 226 234 
229 238 244 
222 225 245 
235 239 242 
235 219 239 
243 241 256 
252 275 242 
244 254 229 
258 260 253 
246 252 239 
252 246 284 
241 243 199 
241 254 259 
245 253 222 
257 247 248 
247 245 225 
264 248 249 
219 246 239 
233 255 246 
248 247 223 
244 251 262 
249 248 236 
247 257 258 
250 249 236 
243 256 237 
202 250 236 
264 257 248 
238 251 244 
245 247 258 
239 252 242 
246 255 284 
241 229 254 
251 222 253 
253 260 251 
270 256 269 
259 271 256 
261 226 242 
244 262 254 
237 268 232 
250 277 249 
237 276 268 
245 258 253 
260 262 251 
241 259 256 
232 268 240 
263 260 258 
262 272 254 
268 276 278 
273 226 261 
266 262 260 
259 280 271 
257 263 258 
257 281 263 
277 264 249 
277 282 264 
242 275 261 
0 38 265 
263 281 260 
260 281 266 
271 269 267 
268 278 240 
256 271 267 
237 269 276 
280 283 271 
273 287 226 
237 270 269 
237 256 270 
274 272 285 
259 274 280 
266 281 262 
262 281 286 
275 279 261 
261 279 273 
254 274 259 
254 272 274 
284 290 252 
252 290 275 
271 283 269 
278 255 240 
0 277 250 
269 288 276 
264 282 257 
279 287 273 
290 297 275 
287 292 226 
285 293 274 
293 300 280 
282 295 257 
257 295 301 
0 295 277 
277 295 282 
269 283 288 
280 300 303 
278 291 255 
255 291 284 
262 286 272 
272 286 285 
285 286 300 
281 257 301 
291 299 284 
289 265 226 
276 288 298 
294 296 279 
279 296 287 
312 265 289 
283 280 303 
292 289 226 
276 298 278 
278 298 308 
296 304 287 
287 306 292 
274 293 280 
285 300 293 
275 294 279 
275 297 294 
305 281 301 
297 296 294 
284 299 290 
297 309 296 
299 307 290 
304 306 287 
302 298 300 
307 297 290 
308 307 299 
291 308 299 
303 300 298 
286 281 302 
0 301 295 
307 310 297 
286 302 300 
305 298 302 
288 303 298 
288 283 303 
298 314 308 
306 312 292 
281 305 302 
301 314 305 
309 311 304 
312 289 292 
313 311 310 
310 311 309 
278 308 291 
298 305 314 
296 309 304 
297 310 309 
313 310 307 
311 306 304 
308 314 307 
314 306 311 
313 314 311 
0 265 312 
314 313 307 
314 312 306 
0 314 301 
0 312 314 

94 16 9 
24 30 31 
3 11 4 
2 25 15 
2 14 29 
15 61 83 
19 17 29 
74 38 45 
18 21 9 
0 8 10 
73 9 11 
13 10 2 
53 73 27 
40 38 11 
30 19 4 
5 70 3 
26 18 0 
69 28 6 
20 8 16 
6 14 49 
32 18 46 
32 30 8 
46 26 56 
63 48 42 
49 1 42 
44 61 3 
22 16 96 
12 36 37 
17 44 29 
6 28 4 
1 14 21 
34 1 33 
21 20 33 
31 32 43 
35 42 31 
63 34 65 
27 41 39 
27 75 53 
41 13 7 
36 76 75 
70 58 13 
36 38 51 
23 24 34 
33 87 65 
85 25 28 
58 60 7 
55 20 22 
78 83 61 
23 54 49 
24 48 19 
81 60 121 
41 80 76 
85 91 78 
37 72 12 
62 69 48 
46 66 87 
22 114 104 
77 76 89 
40 60 45 
65 95 64 
58 50 45 
25 47 5 
64 54 63 
35 62 23 
59 68 62 
43 59 35 
102 55 129 
112 82 78 
64 118 90 
54 71 17 
113 40 15 
69 90 84 
53 125 171 
12 527 10 
80 7 81 
39 77 37 
57 39 51 
75 57 106 
52 67 47 
82 111 83 
93 51 74 
92 74 50 
67 130 79 
47 79 5 
85 71 91 
84 52 44 
102 95 87 
55 86 43 
127 90 118 
106 57 108 
71 68 88 
84 99 52 
109 93 81 
92 108 80 
96 0 115 
59 86 97 
114 26 94 
98 95 102 
122 97 140 
112 91 126 
156 117 107 
157 125 135 
66 97 86 
132 121 113 
120 129 56 
144 123 127 
146 77 89 
100 108 133 
107 89 93 
133 92 131 
120 114 212 
185 113 79 
67 99 116 
103 70 111 
110 56 96 
264 94 412 
130 112 124 
147 146 100 
88 68 145 
155 188 159 
141 104 110 
131 50 103 
154 145 98 
124 126 105 
162 116 123 
72 143 101 
123 99 127 
105 126 88 
139 160 140 
104 139 66 
152 82 116 
109 121 151 
103 179 176 
107 109 134 
156 133 174 
101 149 203 
168 154 169 
143 146 148 
140 161 154 
155 128 129 
128 138 98 
180 155 120 
170 156 175 
125 137 149 
168 105 145 
122 144 118 
137 106 117 
167 117 187 
137 167 149 
143 148 135 
172 185 152 
165 131 176 
196 150 130 
162 197 196 
138 136 122 
141 119 139 
142 100 134 
171 101 199 
180 212 183 
178 119 189 
161 128 178 
169 138 160 
153 124 210 
177 167 195 
194 173 169 
174 151 192 
198 196 197 
148 147 163 
173 144 136 
164 136 161 
200 187 142 
72 157 307 
198 184 150 
164 181 168 
175 134 165 
193 142 174 
186 151 132 
203 163 219 
182 160 159 
132 184 190 
188 141 158 
210 173 220 
194 178 214 
158 265 254 
172 179 185 
150 184 111 
209 176 216 
195 147 170 
189 119 180 
215 159 188 
216 179 191 
190 198 238 
193 165 209 
200 175 192 
182 223 164 
163 187 218 
166 152 153 
166 153 202 
191 172 166 
157 203 229 
170 193 224 
219 218 206 
227 197 232 
135 177 199 
211 205 220 
204 235 226 
201 225 245 
307 257 355 
240 215 254 
192 186 230 
226 162 181 
234 204 222 
158 110 264 
248 250 274 
240 182 215 
208 214 189 
186 190 217 
236 216 276 
201 195 224 
229 177 201 
204 181 222 
248 234 223 
211 220 223 
221 222 194 
218 200 225 
206 224 239 
205 232 210 
238 202 241 
244 242 243 
199 219 247 
236 260 209 
256 245 267 
202 226 242 
252 243 235 
235 211 221 
233 205 234 
279 230 217 
271 270 238 
237 191 227 
245 225 261 
250 214 208 
249 227 258 
228 232 243 
228 242 233 
262 258 228 
206 239 231 
302 287 261 
229 256 257 
259 221 213 
271 241 290 
213 240 253 
295 268 284 
262 233 259 
288 274 250 
208 183 282 
277 293 270 
247 231 273 
247 309 207 
268 241 244 
294 252 248 
266 261 230 
260 246 239 
252 284 244 
308 286 287 
265 212 115 
358 183 264 
260 330 280 
286 231 287 
290 258 251 
332 298 272 
255 276 237 
277 237 249 
293 269 276 
256 286 281 
278 213 253 
314 290 295 
272 217 270 
312 255 271 
294 274 324 
313 236 298 
303 302 266 
273 317 309 
292 254 310 
300 350 327 
251 262 291 
370 315 323 
263 273 267 
263 267 246 
292 325 253 
347 335 321 
275 249 268 
323 322 284 
296 288 282 
272 255 318 
323 259 278 
322 275 251 
292 304 300 
308 302 303 
279 269 346 
329 317 341 
283 296 304 
349 330 348 
297 246 280 
297 280 349 
296 310 300 
324 326 345 
315 417 360 
171 207 367 
340 263 297 
281 329 257 
304 282 358 
372 345 338 
321 277 314 
328 330 279 
333 312 275 
306 322 285 
363 347 333 
299 281 342 
320 293 321 
346 332 334 
335 332 318 
289 318 312 
315 295 291 
285 291 294 
305 278 326 
327 326 288 
305 324 325 
338 325 283 
348 313 393 
309 299 337 
301 266 313 
352 382 346 
319 269 320 
374 316 314 
339 319 335 
289 334 320 
368 340 386 
329 353 355 
350 311 327 
352 334 347 
342 308 336 
299 342 353 
341 317 340 
373 357 349 
359 362 384 
371 305 311 
331 298 319 
316 339 289 
301 328 354 
303 301 343 
338 283 359 
391 364 390 
331 339 391 
341 368 337 
373 348 409 
337 365 207 
384 396 359 
386 343 392 
362 310 265 
350 344 356 
377 374 306 
370 378 375 
400 344 358 
389 316 376 
389 430 351 
355 366 449 
365 368 395 
307 449 527 
366 353 336 
395 386 392 
375 285 361 
398 378 345 
311 396 385 
343 354 387 
360 376 333 
361 379 370 
388 363 374 
388 360 401 
361 371 379 
375 378 399 
404 405 429 
449 407 571 
404 393 331 
399 420 416 
356 344 400 
424 372 402 
369 336 357 
406 415 373 
376 377 410 
363 364 391 
411 351 436 
389 351 352 
427 369 357 
382 429 328 
442 397 400 
366 369 407 
372 356 397 
402 396 394 
371 425 420 
421 379 383 
394 384 362 
377 417 438 
385 397 403 
446 402 468 
382 411 380 
439 380 445 
432 387 414 
395 457 381 
444 436 437 
354 418 414 
430 388 437 
404 390 431 
496 115 550 
438 421 460 
406 409 419 
387 432 427 
383 420 440 
306 421 401 
409 429 428 
414 428 467 
416 383 398 
413 417 399 
425 424 473 
445 431 459 
422 385 446 
440 398 422 
448 460 440 
392 415 435 
452 419 418 
380 418 393 
436 364 410 
423 411 444 
415 406 456 
457 435 466 
453 441 439 
427 464 433 
408 390 430 
408 410 458 
454 401 413 
452 405 434 
426 416 425 
462 452 434 
468 394 496 
471 466 474 
450 431 408 
453 405 423 
424 403 447 
486 446 490 
503 498 426 
365 381 367 
461 459 444 
515 465 459 
441 428 439 
465 434 445 
502 482 438 
468 492 490 
464 432 475 
407 433 471 
461 437 470 
451 423 450 
472 413 426 
509 450 458 
489 467 441 
549 489 465 
466 435 456 
453 451 463 
443 433 464 
462 488 419 
455 403 442 
532 530 505 
458 482 495 
457 443 507 
498 478 460 
486 484 422 
500 443 475 
488 474 456 
514 495 482 
526 500 547 
502 472 508 
504 512 516 
500 488 481 
501 546 480 
470 454 476 
544 514 502 
503 473 512 
490 497 493 
473 447 499 
492 524 497 
480 475 467 
501 462 463 
447 455 485 
513 508 498 
455 494 487 
522 499 485 
492 496 510 
537 470 476 
494 442 412 
485 487 552 
491 472 448 
493 512 486 
477 474 480 
565 481 489 
478 483 454 
484 504 448 
513 503 479 
469 536 537 
532 514 521 
471 526 519 
517 478 491 
515 461 511 
524 494 550 
518 509 533 
479 484 499 
491 504 520 
506 476 483 
531 451 509 
479 522 528 
545 508 566 
578 531 511 
507 543 535 
513 529 540 
534 506 539 
516 493 523 
528 522 569 
487 510 525 
552 524 561 
542 507 477 
367 621 73 
529 516 523 
540 520 528 
469 532 548 
549 515 518 
530 469 506 
551 511 536 
548 521 576 
555 519 553 
505 533 537 
505 536 495 
567 556 545 
582 521 544 
541 520 529 
597 566 540 
543 526 584 
553 519 542 
539 483 545 
538 544 517 
547 481 588 
554 477 546 
562 530 534 
463 531 564 
510 412 560 
572 533 562 
558 497 525 
535 543 574 
585 547 593 
577 535 581 
582 538 583 
563 582 583 
559 552 561 
598 569 558 
561 550 598 
558 525 560 
603 551 548 
596 576 557 
565 549 612 
570 501 564 
567 517 541 
568 538 566 
600 583 567 
559 586 523 
588 565 595 
381 577 575 
602 578 551 
574 584 587 
580 553 573 
571 609 621 
563 603 534 
571 555 609 
579 518 572 
604 612 578 
591 574 614 
605 555 591 
557 539 556 
557 556 568 
573 542 585 
587 584 554 
569 607 606 
573 585 589 
590 546 570 
614 587 615 
593 588 594 
581 580 617 
596 600 601 
554 590 599 
590 595 618 
594 570 612 
592 602 563 
606 600 541 
559 560 624 
615 593 616 
592 568 597 
592 606 613 
596 572 603 
576 602 562 
618 579 613 
609 581 623 
601 597 586 
613 586 624 
617 614 611 
577 605 575 
611 616 620 
608 615 610 
595 564 579 
607 604 601 
608 580 589 
611 589 599 
599 622 610 
591 608 619 
622 594 604 
617 620 623 
619 610 622 
575 625 527 
616 618 620 
605 619 625 
607 598 625 
623 624 621 
