315 626 2
319.465 35.0143 18.2644
353.846 26.5154 9.09728
412.101 33.7851 10.3264
251.137 40.3488 15.6962
284.252 40.2507 14.7339
434.5 31.5 4.06843
123.5 32 1.38198
110.508 44.7588 11.6584
224.257 46.9793 11.7671
440 35.2857 1.49271
345 36.5 1.38198
359.188 40.2812 3.19154
425.388 46.4673 8.25338
347.42 47.9882 7.33446
392.267 54.4207 12.0213
338 44 0.56419
364 45 0.56419
377.818 46.1818 1.87121
376.082 53.1429 3.94933
132.419 52.4516 3.14127
142.805 55.7031 6.38308
192.341 63.486 13.9001
364.156 52.875 3.19154
209.721 57.75 4.65243
332.32 60.8963 8.75858
356.833 52.8333 1.38198
167.536 61.5459 8.11727
99.2405 82.5939 28.136
354.727 58 2.64628
414.279 74.1034 15.0967
285.289 62.0444 3.7847
302.738 68.1118 9.98153
363.756 62 3.61258
377.061 68.3487 9.11476
225.406 80.3427 20.4669
348.803 64.1148 4.40646
261.426 77.236 14.6906
33.9052 66.8017 6.07651
133.379 69.3136 7.33446
152.105 73.6088 10.7493
363.944 87.1421 15.6251
174.471 79.6111 9.86929
284.91 83.1397 12.0742
323.889 74.1111 1.69257
391.062 77.8625 5.04627
310.658 86.5185 10.5701
333.614 86.1358 10.1554
129 78 0.56419
428.333 80.3333 0.977205
383.474 86.4742 5.55662
346.359 86.6923 3.52336
61.9448 90.8414 6.79374
191.595 99.717 15.8376
433.158 92.9842 7.77682
139.464 94.016 6.30783
166.023 96.9769 9.09728
393.66 102.133 11.9683
293.627 102.588 9.00939
447.529 95.6471 2.32621
272.302 110.43 14.8522
348.642 102.15 7.42076
447.506 115.345 12.7412
313.049 107.316 8.86694
150.595 107.635 7.97885
338.091 101.364 1.87121
425.609 111.503 10.3725
246.96 122.831 18.8476
214.465 119.484 14.7986
77.2466 111.089 6.81713
339.026 131.507 23.056
376.126 114.929 6.35809
407.029 120.791 11.8882
134.289 127.648 16.803
364.133 116.492 6.18039
109.599 119.504 9.50789
92.8333 115.933 3.09019
179.798 125.808 13.517
297.199 127.77 14.895
386.957 124 3.86789
94.2699 133.754 9.59122
433.943 127.114 5.29257
378.5 126.5 2.25676
157.894 136.065 7.35613
391.393 143.369 13.7041
198.723 149.091 17.2885
373.617 136.432 5.07771
74.4615 142.338 6.43275
278.339 142.169 6.28255
114 140.5 3.74241
230.664 156.481 17.5353
314.693 159.476 19.3723
427.4 141.537 5.04627
369.983 155.329 11.5211
267.526 141.579 2.45925
170.581 148.2 7.0241
416.157 151.413 8.64886
258.203 158.932 14.1498
149.75 148.417 3.90882
437.123 161.176 12.9764
289.409 152.032 5.44085
111.685 157.617 9.94959
132.684 161.929 11.213
162.745 185.548 26.9869
281.524 171.632 15.3372
58.024 175.017 19.6091
395.338 188.303 21.7707
345.216 166.338 4.85334
453.035 168.07 4.25954
416.975 170.062 5.04627
206.405 187.25 19.8351
88.5604 174.385 5.38203
360.45 172.5 4.37019
370.391 173.217 2.70576
125.615 176.615 2.03421
352.944 183.869 8.95623
248.217 196.88 19.487
93.8609 196.037 14.6689
311.996 192.392 12.7412
339.873 188.139 5.01463
124.848 193.247 8.79485
283.001 204.97 16.2639
363.167 199.62 7.81764
332.903 197.516 3.14127
221.985 225.611 22.0395
115.639 215.65 12.061
336.089 208.812 5.67004
409.171 216.131 9.35603
308.362 217.771 11.1276
431.248 224.238 16.1559
74.1143 217.905 5.78122
329.628 219.329 7.22515
94.4839 218.266 6.28255
187.067 233.383 18.3166
450.156 217.344 4.51352
153.903 231.075 12.0213
390.423 226.604 6.88681
272.326 228.235 7.71518
128.065 236.842 12.3092
293.514 236.216 11.955
256.276 228.586 3.03825
369.611 239.344 14.1047
95.4085 242.283 15.7671
410.902 238.635 10.0134
331.985 235.66 7.85825
111.5 231.5 1.12838
249.607 242.166 10.5399
315.979 239.394 7.73578
450.581 238.548 3.14127
268.105 244.484 6.28255
438.482 247.36 6.0239
156.517 255.344 13.5406
387.71 270.194 22.1332
141.654 246.346 2.87681
448.053 245.684 2.45925
59.2724 261.649 15.2122
77.7882 251.718 5.20157
454.014 260.393 13.2555
283.587 259.047 11.312
319.067 266.649 18.9571
215.389 269.219 18.7884
239.983 258.407 7.50605
262 251 0.56419
360.238 258.256 7.31273
411.5 252.833 1.38198
418.619 263.623 9.09728
117.648 272.004 16.4875
181.708 266.772 10.1711
256.366 261.505 5.44085
265.58 266.358 5.07771
82 266.865 4.85334
348.268 281.174 15.3787
89 263 0.56419
96.663 268.815 5.41152
436.5 265.5 1.95441
244.975 276.671 8.68559
292.368 279.514 10.5248
434.651 280.26 12.527
160.179 281.263 13.3869
80.2849 282.215 7.39928
193.287 294.123 16.8125
458.545 278.818 2.64628
272.344 284.656 6.45744
452.575 283.55 3.56825
136.69 295.628 12.7786
49.6667 285.467 2.1851
99.5086 288.552 6.07651
363 285 1.87121
401.968 303.966 17.8947
332.344 293.428 8.27264
304.206 291.098 5.69804
368.633 289.167 3.09019
67.5059 306.439 19.4298
248.335 294.759 7.35613
451.295 297.946 9.96557
114.638 295.8 5.04627
285.066 301.762 9.6078
263.542 296.771 3.90882
164.569 304.167 10.8671
314.154 322.582 26.0384
432.52 297.24 2.82095
370.908 303.154 4.54864
466.614 300.023 3.74241
427.882 312.531 11.2414
219.125 301.875 1.59577
110.652 319.195 16.5933
230.748 317.022 14.3841
266.951 310.371 8.44402
443.988 312.155 5.17088
149.244 312.122 3.61258
369 310 0.56419
181.487 315.897 3.52336
343.403 316.306 4.78731
359.141 319.443 7.81764
380.565 315.391 2.70576
189.93 332.038 10.4794
201.778 317.333 3.38514
257.28 317.84 2.82095
137.741 324.363 8.21472
163.877 332.634 15.2017
278.832 322.881 5.67004
251.416 327.656 7.00141
391.091 339.217 15.1703
435.506 337.93 13.7852
218.899 332.172 5.61362
414.398 333.539 6.38308
77.196 364.158 34.0249
273.839 334.464 5.97082
205.5 332.5 2.98541
346.894 342.363 10.8377
122.709 336.964 4.18414
232.5 342.118 8.36828
258.723 354.067 16.8219
206.191 350.085 13.4106
113.872 345.44 6.69938
133 345.418 7.35613
464.797 344.97 6.50655
286.649 355.559 11.1419
366.425 349.35 3.56825
151.433 353.91 6.53097
232.388 369.03 16.708
329.909 360.084 9.73942
127.627 362.696 11.9683
312.023 357.562 6.38308
361.271 360.024 5.20157
411.179 357.607 2.98541
175.494 361.582 5.01463
421.025 359.675 3.56825
439.127 365.963 8.81292
457.071 368.33 7.91878
467.542 361.583 2.76395
379.5 361 1.38198
157.167 366.125 5.52791
403.5 364 3.09019
350.518 370.835 9.50789
203.24 380.274 17.2517
310.249 373.963 8.75858
425.685 391.388 18.1946
407.188 373.312 2.25676
330.537 380.507 8.50037
393.098 377.363 5.69804
120.616 381.314 5.23208
377.601 384.451 7.42076
404.667 377.333 0.977205
448.568 379.946 3.43183
42.8548 382.145 4.44243
386.8 382.4 2.1851
309 381 0.56419
263.667 382.667 0.977205
302.321 389.153 7.89865
304 383 0.56419
320.25 385.25 2.52313
362.532 389.073 6.28255
111 387 3.43183
346.5 384 0.797885
143.619 394.996 9.23618
276.441 392.978 6.57952
463.615 388.615 2.03421
243.487 407.877 18.8645
123.486 395.55 5.94411
333.201 400.983 11.326
396.323 404.078 12.9149
454.466 398.738 7.79726
315.207 400.637 6.55529
185.348 400.152 5.41152
354.87 400.761 3.82652
370.585 404 8.84897
104.143 403.458 8.03846
295.153 412.105 15.0756
52.1692 402.046 4.54864
165.279 411.564 13.517
206.612 410.779 13.0984
65.0875 405.438 5.04627
350.091 403.364 1.87121
131.5 406.875 1.59577
452.72 414.822 7.06928
120.929 416.033 7.61133
141.848 422.114 12.6283
272.988 422.911 11.5349
186.101 419.298 7.93885
345.404 416.731 7.04673
431.363 423.236 12.0213
378.508 420.48 9.02703
328.281 415.719 3.19154
107.433 428.844 10.9836
400.898 422.542 4.33362
88.0413 434.901 8.77673
164.456 437.503 11.0558
209.103 431.256 3.52336
120.455 433.818 1.87121
135.484 438.097 3.14127
122.947 440.079 3.4779
70.3333 446.333 0.977205
133 448 0.56419
131.6 449.8 1.26157

6 0 10 
18 2 3 
2 1 4 
5 4 1 
11 1 2 
31 4 5 
16 11 14 
9 24 27 
2 6 3 
2 0 6 
2 7 0 
2 4 7 
7 8 38 
7 4 9 
11 2 12 
24 22 27 
6 10 13 
16 14 25 
6 13 3 
12 14 11 
13 15 3 
18 15 19 
49 30 13 
26 23 29 
17 26 12 
5 1 32 
10 49 13 
20 8 7 
1 16 25 
1 11 16 
2 18 12 
18 19 17 
12 18 17 
3 15 18 
17 19 23 
19 33 23 
21 20 7 
39 8 20 
9 27 7 
39 20 21 
9 4 37 
27 21 7 
17 23 26 
34 19 15 
4 31 37 
32 1 25 
13 30 15 
31 32 43 
14 26 29 
14 12 26 
35 53 22 
40 21 27 
46 32 44 
52 8 28 
14 29 36 
45 15 30 
54 30 49 
40 48 39 
24 9 35 
41 33 34 
22 24 35 
31 5 32 
29 33 36 
29 23 33 
36 33 41 
33 19 34 
30 57 45 
43 46 58 
51 36 41 
25 14 36 
9 37 35 
47 25 36 
52 38 8 
0 7 38 
22 42 27 
48 8 39 
21 40 39 
48 28 8 
43 32 46 
37 43 60 
27 42 40 
22 53 42 
60 43 58 
37 31 43 
47 44 25 
32 25 44 
34 45 50 
34 15 45 
51 61 65 
40 55 48 
51 47 36 
46 44 47 
42 53 56 
40 42 56 
0 59 10 
50 41 34 
10 59 49 
41 50 71 
50 57 71 
47 63 46 
55 64 73 
69 87 52 
50 45 57 
35 67 68 
30 54 57 
65 61 70 
48 55 28 
56 64 55 
40 56 55 
53 77 56 
59 62 54 
37 60 67 
63 58 46 
37 67 35 
49 59 54 
0 202 59 
63 78 58 
55 73 75 
41 61 51 
92 72 81 
54 62 66 
35 68 53 
41 71 74 
65 70 63 
63 70 78 
69 52 28 
47 65 63 
47 51 65 
79 57 72 
57 54 66 
58 78 60 
68 77 53 
90 68 67 
77 64 56 
77 83 64 
80 87 69 
82 86 74 
75 76 28 
82 71 79 
57 66 72 
71 57 79 
66 62 81 
83 98 73 
76 69 28 
61 74 70 
61 41 74 
55 75 28 
73 89 75 
80 76 75 
80 69 76 
60 88 94 
68 85 77 
60 78 88 
100 78 91 
74 71 82 
72 66 81 
64 83 73 
87 105 52 
108 99 81 
92 96 72 
72 84 79 
79 84 82 
70 91 78 
89 101 80 
86 84 93 
85 95 77 
100 104 88 
89 80 75 
74 86 70 
82 84 86 
73 98 102 
105 38 52 
94 88 97 
70 86 93 
77 95 83 
83 95 98 
68 90 85 
101 111 80 
72 96 84 
97 90 67 
62 108 81 
93 107 70 
96 109 84 
109 99 108 
67 94 97 
67 60 94 
90 110 85 
73 102 89 
81 99 92 
92 99 96 
97 116 90 
104 116 97 
85 103 95 
95 103 98 
113 84 106 
102 101 89 
78 100 88 
91 104 100 
88 104 97 
111 105 87 
103 102 98 
114 111 101 
91 118 104 
111 87 80 
107 112 115 
119 107 115 
120 117 114 
155 185 105 
108 134 109 
110 103 85 
70 107 91 
112 113 115 
59 108 62 
127 136 106 
84 109 106 
96 99 109 
116 110 90 
116 124 110 
102 114 101 
114 117 111 
93 112 107 
113 106 122 
93 113 112 
93 84 113 
103 114 102 
103 120 114 
91 107 119 
118 121 104 
123 126 131 
117 105 111 
103 110 133 
125 132 117 
119 118 91 
119 122 126 
113 122 115 
115 122 119 
110 124 133 
140 121 137 
104 121 116 
103 135 120 
109 127 106 
118 128 121 
119 123 118 
119 126 123 
118 123 128 
125 117 120 
125 135 138 
130 105 117 
106 136 122 
128 139 121 
129 127 109 
131 144 147 
122 141 126 
127 129 143 
134 129 109 
140 137 149 
132 130 117 
155 105 130 
123 131 128 
122 136 141 
103 133 135 
125 120 135 
116 121 140 
145 138 142 
59 202 108 
108 202 134 
124 140 146 
125 145 132 
131 147 128 
124 146 161 
126 141 144 
121 139 137 
133 151 135 
142 130 132 
127 143 136 
147 158 139 
116 140 124 
137 139 149 
143 164 136 
124 160 133 
135 151 153 
156 130 142 
134 148 129 
174 150 157 
126 144 131 
163 152 187 
132 145 142 
125 138 145 
143 129 150 
162 158 169 
128 147 139 
144 141 163 
129 148 150 
149 146 140 
136 152 141 
147 144 159 
154 150 148 
153 166 138 
161 160 124 
172 170 156 
154 157 150 
167 178 151 
135 153 138 
151 166 153 
157 154 148 
165 152 164 
189 159 171 
185 38 105 
138 166 142 
155 130 156 
134 157 148 
165 177 188 
139 158 149 
133 160 167 
147 159 158 
163 171 159 
158 176 182 
142 172 156 
149 162 146 
168 175 161 
146 162 168 
149 158 162 
144 163 159 
141 152 163 
136 164 152 
143 150 164 
150 165 164 
150 174 165 
160 180 167 
170 155 156 
133 167 151 
204 175 193 
146 168 161 
158 159 176 
168 169 175 
168 162 169 
166 186 173 
179 155 170 
165 174 177 
169 182 175 
166 173 142 
173 170 172 
142 173 172 
166 178 184 
157 183 174 
165 188 152 
161 175 160 
169 158 182 
180 178 167 
178 166 151 
157 181 183 
207 217 197 
182 197 175 
179 170 173 
180 198 178 
185 155 179 
177 183 194 
184 195 166 
134 202 157 
183 177 174 
159 189 190 
191 187 152 
157 202 181 
176 196 182 
207 197 196 
192 185 179 
186 192 179 
265 38 185 
173 186 179 
195 205 186 
163 187 171 
152 188 191 
200 188 177 
198 184 178 
176 159 190 
212 187 201 
176 190 196 
189 199 190 
201 191 188 
201 187 191 
180 204 216 
226 265 192 
160 175 204 
212 171 187 
181 202 183 
200 203 188 
166 195 186 
184 198 209 
199 196 190 
197 182 196 
197 217 193 
193 175 197 
195 184 205 
180 160 204 
194 202 208 
205 192 186 
194 200 177 
194 208 200 
214 213 210 
210 212 201 
183 202 194 
171 212 189 
208 203 200 
208 223 203 
206 204 193 
206 224 216 
198 219 209 
226 192 205 
221 206 217 
211 198 180 
199 220 196 
217 206 193 
0 250 202 
213 229 212 
211 219 198 
218 184 209 
188 214 201 
212 199 189 
216 211 180 
215 219 211 
201 214 210 
210 213 212 
225 222 188 
221 231 206 
203 225 188 
188 222 214 
213 214 238 
218 205 184 
206 216 204 
215 211 216 
196 220 207 
220 227 217 
219 218 209 
230 234 205 
228 224 233 
230 205 218 
207 220 217 
199 237 220 
212 229 199 
224 228 216 
214 222 238 
228 233 215 
202 236 208 
234 226 205 
217 227 221 
206 231 224 
223 225 203 
223 247 225 
253 222 245 
265 185 192 
221 227 232 
215 233 246 
216 228 215 
224 231 233 
199 229 241 
248 223 236 
219 239 218 
240 233 231 
220 237 227 
221 232 231 
213 238 229 
227 237 232 
232 240 231 
233 240 255 
218 235 230 
235 239 242 
230 235 234 
219 215 246 
208 236 223 
269 270 267 
243 237 199 
242 261 234 
229 238 244 
222 225 245 
234 235 242 
235 218 239 
243 256 237 
252 275 242 
244 254 229 
258 263 253 
246 252 239 
252 246 284 
241 243 199 
241 254 259 
222 251 238 
257 247 248 
247 245 225 
264 248 249 
219 246 239 
233 255 246 
248 247 223 
244 251 262 
249 248 236 
247 257 258 
250 249 236 
241 256 243 
202 250 236 
264 257 248 
238 251 244 
245 247 258 
239 252 242 
246 255 284 
241 229 254 
251 222 253 
253 260 251 
270 256 267 
259 271 256 
261 273 234 
244 262 272 
237 268 232 
250 277 249 
268 276 278 
245 258 253 
260 266 251 
241 259 256 
232 268 240 
263 260 253 
244 272 254 
268 237 276 
273 226 234 
266 262 251 
259 280 271 
257 263 258 
257 281 263 
277 264 249 
277 282 264 
242 275 261 
0 38 265 
263 281 260 
260 281 266 
271 269 267 
268 278 240 
256 271 267 
237 270 276 
280 283 271 
273 287 226 
276 270 269 
237 256 270 
274 272 285 
259 274 280 
266 281 262 
262 281 286 
275 279 261 
261 279 273 
254 274 259 
254 272 274 
284 275 252 
284 290 275 
271 283 269 
278 255 240 
0 277 250 
269 288 276 
264 282 257 
279 287 273 
291 299 284 
287 292 226 
285 293 274 
293 300 280 
282 295 257 
257 295 301 
0 295 277 
277 295 282 
269 283 288 
280 300 303 
278 291 255 
255 291 284 
262 286 272 
272 286 285 
285 286 300 
305 257 301 
275 290 297 
292 265 226 
276 288 298 
294 296 279 
279 296 287 
312 265 289 
283 280 303 
292 289 265 
276 298 278 
278 298 308 
296 304 287 
287 306 292 
274 293 280 
285 300 293 
275 294 279 
275 297 294 
305 281 257 
297 296 294 
284 299 290 
297 309 296 
299 307 290 
304 306 287 
302 298 300 
307 297 290 
278 308 291 
308 307 299 
303 300 298 
286 281 302 
0 301 295 
307 310 297 
286 302 300 
305 298 302 
288 303 298 
288 283 303 
298 314 308 
306 312 292 
281 305 302 
301 314 305 
309 311 304 
312 289 292 
313 311 310 
310 311 309 
291 308 299 
298 305 314 
296 309 304 
297 310 309 
313 310 307 
311 306 304 
308 314 307 
314 306 311 
313 314 311 
0 265 312 
314 313 307 
314 312 306 
0 314 301 
0 312 314 

94 16 9 
8 33 30 
3 11 4 
2 25 5 
2 14 29 
3 61 44 
19 17 29 
15 38 58 
18 1 9 
0 8 10 
73 9 11 
13 10 2 
72 73 27 
40 38 11 
30 19 4 
74 7 60 
26 18 0 
69 28 6 
20 8 16 
6 14 49 
33 18 46 
43 31 33 
46 26 56 
63 48 42 
49 32 42 
45 61 3 
22 16 96 
12 36 37 
17 45 29 
6 28 4 
32 14 1 
34 32 21 
31 24 30 
21 1 20 
35 42 31 
63 34 65 
27 41 39 
27 39 75 
41 13 7 
36 76 37 
44 70 13 
36 38 51 
23 24 34 
21 87 65 
83 40 5 
28 85 25 
55 20 22 
78 83 61 
23 54 49 
24 48 19 
81 60 121 
41 80 76 
85 91 78 
77 125 72 
62 69 48 
46 66 87 
22 114 104 
75 76 89 
70 60 7 
65 95 64 
58 50 15 
25 47 5 
64 54 63 
35 62 23 
59 68 62 
43 59 35 
102 55 104 
112 82 78 
64 118 90 
54 71 17 
113 58 40 
69 90 84 
12 53 171 
12 527 10 
80 15 81 
37 57 77 
57 39 51 
53 75 106 
52 67 47 
82 111 83 
93 51 74 
92 74 50 
67 130 79 
47 79 44 
85 71 91 
84 52 45 
102 95 87 
55 86 43 
105 127 118 
106 57 108 
71 68 127 
84 99 52 
109 93 81 
92 108 80 
96 0 115 
59 86 97 
114 26 94 
98 122 95 
140 97 102 
112 91 126 
156 117 107 
157 125 135 
66 98 86 
132 121 113 
129 66 56 
144 123 88 
146 77 89 
100 108 133 
107 89 93 
133 92 131 
120 114 212 
185 113 79 
67 99 116 
103 70 111 
110 56 96 
264 94 412 
130 112 124 
147 146 100 
88 68 145 
155 188 159 
141 129 110 
131 50 103 
154 145 97 
124 126 105 
162 116 123 
53 143 101 
123 99 127 
88 126 90 
139 160 140 
120 139 104 
152 82 116 
109 121 151 
103 179 176 
107 109 134 
156 133 174 
101 149 203 
168 154 169 
143 146 148 
140 161 154 
155 128 129 
128 138 98 
180 155 120 
170 156 175 
125 137 149 
168 105 145 
122 144 118 
137 106 117 
167 117 187 
137 167 149 
143 148 135 
172 185 152 
165 131 176 
196 150 130 
162 197 196 
138 136 122 
141 119 139 
142 100 134 
171 101 199 
188 180 183 
178 119 189 
161 128 178 
169 138 160 
153 124 210 
177 167 195 
223 173 169 
174 151 192 
198 196 197 
148 147 163 
173 144 136 
164 136 161 
200 187 142 
72 157 307 
198 184 150 
164 181 168 
175 134 165 
193 142 174 
186 151 132 
203 163 201 
182 160 159 
132 184 190 
158 141 212 
210 173 220 
214 178 215 
158 208 215 
172 179 185 
150 184 111 
209 176 216 
195 147 170 
189 119 158 
215 159 188 
216 179 191 
190 198 238 
193 165 209 
200 175 192 
214 221 223 
163 187 218 
166 152 153 
166 153 202 
191 172 166 
157 203 229 
170 193 224 
177 218 219 
227 197 232 
135 177 199 
211 205 220 
204 235 226 
219 225 245 
307 257 355 
254 183 265 
192 186 230 
226 162 181 
234 204 222 
180 110 264 
248 240 274 
240 194 182 
183 182 189 
186 190 217 
236 216 276 
201 195 224 
229 201 206 
204 181 222 
248 234 194 
211 220 223 
194 222 164 
218 200 225 
206 224 239 
205 232 210 
238 202 241 
284 258 243 
199 219 247 
236 260 209 
256 245 267 
202 226 242 
252 243 235 
235 211 221 
233 205 234 
279 230 217 
271 255 262 
262 191 227 
261 225 260 
213 214 250 
249 227 244 
244 232 243 
228 242 233 
258 241 242 
206 261 231 
302 287 261 
229 256 257 
259 221 213 
271 241 290 
240 254 253 
295 268 284 
270 233 259 
288 274 250 
250 208 282 
277 293 237 
247 231 273 
247 309 207 
268 244 228 
294 252 248 
272 239 230 
239 246 245 
237 276 238 
308 286 287 
265 212 115 
358 208 264 
293 269 276 
286 231 287 
290 258 251 
332 298 266 
291 284 252 
277 237 249 
280 260 330 
256 286 281 
278 213 253 
312 290 314 
266 217 262 
312 255 271 
324 274 325 
313 236 298 
303 302 272 
273 317 309 
292 254 310 
300 344 327 
251 228 270 
361 370 323 
263 273 267 
263 267 246 
292 325 253 
347 335 321 
275 249 268 
323 322 270 
296 288 282 
266 255 318 
323 259 324 
322 314 251 
292 304 300 
308 302 303 
279 269 346 
329 317 341 
283 296 304 
349 330 348 
297 246 280 
297 280 349 
296 310 300 
324 326 345 
315 401 360 
171 207 367 
340 263 297 
281 329 257 
304 282 358 
372 345 338 
321 277 275 
328 330 279 
333 275 295 
306 322 370 
363 347 333 
299 281 342 
320 293 321 
346 332 334 
335 332 318 
289 318 312 
315 295 291 
285 291 294 
305 294 278 
326 278 288 
305 325 327 
338 326 283 
348 313 393 
309 299 337 
301 272 313 
391 404 382 
319 269 320 
374 316 314 
339 319 335 
289 334 320 
368 340 386 
329 353 355 
359 311 327 
352 334 347 
342 308 336 
299 342 353 
341 317 340 
373 357 349 
359 283 350 
371 305 311 
382 298 319 
316 339 289 
301 328 354 
303 301 343 
384 344 362 
390 364 436 
391 339 389 
341 368 337 
373 348 409 
337 365 207 
400 396 359 
386 343 392 
362 310 265 
338 344 356 
377 374 306 
285 371 379 
384 350 358 
389 316 376 
389 430 351 
355 366 449 
365 368 395 
307 449 527 
366 353 336 
395 386 392 
383 315 285 
378 361 345 
311 396 385 
343 354 387 
360 376 333 
379 399 383 
388 363 374 
388 360 417 
371 416 379 
361 378 375 
428 418 393 
449 407 571 
331 393 346 
370 375 401 
400 350 362 
424 372 402 
369 336 357 
406 415 373 
376 377 410 
363 364 352 
411 391 351 
352 390 331 
427 369 357 
382 380 328 
442 397 400 
366 369 407 
372 356 397 
402 396 394 
421 420 426 
375 420 421 
394 356 384 
417 306 383 
385 397 403 
446 402 468 
331 411 428 
439 428 445 
432 387 414 
395 443 381 
411 444 423 
354 418 414 
430 388 437 
404 390 408 
496 115 550 
438 421 460 
406 409 419 
387 432 427 
420 378 425 
377 401 438 
409 380 429 
414 429 467 
398 399 416 
413 399 398 
425 424 473 
445 408 459 
422 385 446 
440 416 422 
440 460 398 
392 415 435 
380 404 405 
418 452 419 
436 364 410 
444 436 458 
415 406 456 
443 435 466 
453 441 439 
427 464 433 
431 351 430 
458 410 470 
454 417 413 
452 405 434 
484 426 425 
451 452 434 
468 394 496 
407 433 519 
450 408 431 
453 405 423 
424 403 447 
486 446 490 
473 512 503 
365 381 367 
461 459 444 
489 467 441 
441 429 439 
457 434 445 
502 482 438 
468 492 490 
475 432 488 
453 462 463 
461 431 437 
462 423 450 
472 413 426 
509 450 458 
457 459 515 
549 489 457 
466 435 475 
500 474 475 
474 433 464 
451 488 419 
455 403 442 
505 530 536 
437 482 476 
507 474 526 
498 478 460 
486 448 422 
465 471 466 
456 465 464 
537 470 495 
526 500 546 
502 472 517 
516 512 522 
500 488 481 
501 546 480 
470 454 495 
544 514 502 
498 440 503 
490 497 493 
473 447 499 
492 524 497 
480 456 467 
501 451 463 
447 455 485 
520 508 498 
455 494 487 
522 499 485 
492 496 510 
476 482 514 
494 442 412 
485 487 552 
491 472 484 
493 512 486 
477 465 480 
565 481 489 
478 483 454 
448 504 484 
513 503 516 
532 469 537 
532 514 521 
519 471 543 
566 517 491 
515 461 518 
524 494 550 
578 531 518 
479 448 499 
520 504 529 
506 495 483 
531 462 509 
504 479 528 
545 478 508 
533 511 509 
443 507 535 
491 513 540 
534 506 539 
479 493 523 
528 522 586 
487 510 525 
552 524 561 
542 471 477 
367 621 73 
529 516 523 
540 513 528 
469 532 548 
549 515 511 
530 505 506 
536 518 537 
548 521 576 
555 519 553 
469 551 533 
505 533 476 
567 556 545 
582 521 544 
541 520 529 
597 566 540 
543 526 584 
553 507 542 
539 483 545 
538 544 517 
477 481 547 
570 546 588 
562 530 534 
463 531 564 
510 412 560 
572 536 562 
558 497 525 
535 543 574 
588 565 612 
571 535 581 
582 538 583 
563 582 583 
559 552 561 
598 569 558 
561 550 598 
558 525 560 
603 551 548 
596 576 557 
565 549 594 
554 501 564 
567 508 541 
568 538 566 
600 583 567 
559 607 586 
593 585 547 
381 555 577 
602 578 551 
574 584 587 
580 553 573 
577 609 621 
563 603 534 
575 571 609 
579 511 572 
604 594 578 
591 574 614 
605 555 591 
557 539 556 
557 556 568 
573 542 585 
587 584 570 
523 569 606 
573 585 589 
590 547 554 
614 587 615 
593 588 595 
581 580 617 
596 600 601 
570 590 599 
612 564 579 
590 612 618 
592 602 563 
606 600 541 
559 560 624 
615 593 616 
592 568 597 
592 606 613 
596 572 603 
576 602 562 
618 579 613 
609 581 623 
601 597 586 
613 569 624 
617 614 611 
577 605 575 
611 616 620 
608 615 610 
595 554 594 
607 604 601 
608 580 589 
611 589 599 
599 622 610 
591 608 619 
622 595 604 
617 620 623 
619 610 622 
575 625 527 
616 618 620 
605 619 625 
607 598 625 
623 624 621 
